2024-01-23 18:34:48
初期母点
4.126169 53.900130
87.756479 20.174228
54.228328 2.334669
25.266896 18.096320
67.111497 94.983093
31.819195 7.191105
43.726677 74.235055
15.598857 24.688855
75.907385 39.113981
31.826983 78.794099
取り込んだ総メッシュ数:400
第1点の移動距離:2.7542027112129412
1回目の母点
9.987667 55.559709
91.755481 16.220431
60.207684 7.752433
33.097614 27.333024
77.080091 86.583296
29.283840 5.975686
48.661024 65.599331
11.867505 25.299606
74.413028 45.058230
21.052666 84.210526
1回目の取り込み総メッシュ数: 387
1回目の取り込み各メッシュ数
36 39 28 26 52 17 41 35 69 44
第1点の移動距離:4.200280039798386
2回目の母点
13.144532 53.510251
93.032503 17.130987
62.494771 8.784252
36.883490 33.678544
79.301674 85.235944
25.406142 5.246331
49.193472 65.731209
9.594655 22.466248
75.986971 44.861099
20.186501 86.684687
2回目の取り込み総メッシュ数: 390
2回目の取り込み各メッシュ数
35 35 31 32 54 24 46 30 56 47
第1点の移動距離:0.28918017546702973
3回目の母点
15.010492 52.972496
93.531590 17.029204
63.009014 9.709539
38.094677 36.032044
79.532634 84.650990
26.275315 6.366449
51.048803 68.249797
9.548157 22.366633
77.080005 44.945421
17.923987 85.389010
3回目の取り込み総メッシュ数: 385
3回目の取り込み各メッシュ数
36 33 34 35 51 26 45 29 52 44
第1点の移動距離:2.5580106339477936e-08
第2点の移動距離:0.7529697154080519
4回目の母点
15.011255 52.972656
93.785183 16.161465
63.066102 9.720982
38.754501 37.959125
80.360937 84.571941
27.462465 7.749176
51.399377 71.845275
9.548157 22.366633
77.950217 44.778931
16.018695 85.280964
4回目の取り込み総メッシュ数: 387
4回目の取り込み各メッシュ数
37 31 35 37 49 28 46 29 52 43
第1点の移動距離:0.1618157246854288
5回目の母点
14.349410 53.374919
93.703750 16.151243
63.009014 9.709539
39.680705 40.256204
82.581489 84.214105
29.104014 9.061114
52.195518 74.004509
9.584664 21.613890
78.690706 44.865977
15.775039 85.661510
5回目の取り込み総メッシュ数: 387
5回目の取り込み各メッシュ数
38 32 34 39 45 28 50 30 51 40
第1点の移動距離:0.0
第2点の移動距離:0.0
第3点の移動距離:0.002426773925198889
6回目の母点
14.349410 53.374919
93.703750 16.151243
62.976403 9.758801
41.487010 41.861847
83.292336 84.668325
30.516727 9.660103
52.395928 76.083529
10.100987 21.115585
78.775364 44.334390
15.519981 86.623202
6回目の取り込み総メッシュ数: 392
6回目の取り込み各メッシュ数
38 32 35 40 48 27 49 33 48 42
第1点の移動距離:0.04373704611135438
7回目の母点
14.411936 53.165785
93.703750 16.151243
62.976403 9.758801
41.851304 42.245236
84.210559 84.210453
31.578948 10.526316
52.260443 78.008120
9.745809 20.297737
78.310310 44.795836
15.152152 85.630554
7回目の取り込み総メッシュ数: 388
7回目の取り込み各メッシュ数
39 32 35 40 46 27 48 33 49 39
第1点の移動距離:0.0
第2点の移動距離:0.0
第3点の移動距離:0.04185951761070697
8回目の母点
14.411936 53.165785
93.703750 16.151243
63.198369 9.554205
41.928170 42.515416
84.913415 84.235979
32.483928 11.453149
52.384854 78.932092
9.493392 19.707066
78.018111 45.354594
14.064150 85.494142
8回目の取り込み総メッシュ数: 388
8回目の取り込み各メッシュ数
39 32 33 40 44 30 49 33 50 38
第1点の移動距離:0.21009881319929466
9回目の母点
14.471747 52.707420
93.785183 16.161465
63.281046 9.555488
41.720970 43.362132
84.908633 84.239683
32.589339 11.443591
52.358615 79.975946
9.391032 18.484466
78.018111 45.354594
13.556993 85.931704
9回目の取り込み総メッシュ数: 392
9回目の取り込み各メッシュ数
41 31 32 41 45 31 49 33 50 39
第1点の移動距離:0.040964891339219454
10回目の母点
14.092718 52.505022
93.785183 16.161465
63.184999 9.835145
42.083767 44.421403
84.908633 84.239683
32.923628 11.708156
52.475798 79.293227
9.513163 17.735104
78.018111 45.354594
13.614561 86.024499
10回目の取り込み総メッシュ数: 390
10回目の取り込み各メッシュ数
41 31 33 42 45 30 46 33 50 39
第1点の移動距離:0.39660019278791475
11回目の母点
13.363681 51.875260
93.785183 16.161465
63.470200 10.167703
42.100829 44.685079
84.908633 84.239683
33.820221 11.184503
52.250327 79.639062
9.888425 16.649681
78.018111 45.354594
13.874975 86.324811
11回目の取り込み総メッシュ数: 390
11回目の取り込み各メッシュ数
41 31 32 42 45 32 47 32 50 38
第1点の移動距離:2.153496421582876e-07
第2点の移動距離:0.0
第3点の移動距離:0.09304980237719203
12回目の母点
13.362862 51.874796
93.785183 16.161465
63.691351 10.472744
42.100490 44.685923
84.868653 84.520352
34.164540 11.217707
52.042887 81.421950
10.091254 16.430318
78.163835 46.095022
13.360589 85.513984
12回目の取り込み総メッシュ数: 393
12回目の取り込み各メッシュ数
40 31 33 43 46 31 50 33 49 37
第1点の移動距離:0.0
第2点の移動距離:0.0
第3点の移動距離:0.0
第4点の移動距離:0.0
第5点の移動距離:0.0
第6点の移動距離:0.0
第7点の移動距離:0.17729422573767775
13回目の母点
13.362862 51.874796
93.785183 16.161465
63.691351 10.472744
42.100490 44.685923
84.868653 84.520352
34.164540 11.217707
52.179612 81.000887
10.091254 16.430318
78.163835 46.095022
13.721098 85.974366
13回目の取り込み総メッシュ数: 394
13回目の取り込み各メッシュ数
40 31 33 43 46 31 48 33 49 40
第1点の移動距離:0.0
第2点の移動距離:0.0
第3点の移動距離:0.0
第4点の移動距離:0.0
第5点の移動距離:0.07877522025848813
14回目の母点
13.362862 51.874796
93.785183 16.161465
63.691351 10.472744
42.100490 44.685923
84.908633 84.239683
34.164540 11.217707
52.213372 80.867166
10.091254 16.430318
78.163835 46.095022
13.721098 85.974366
14回目の取り込み総メッシュ数: 393
14回目の取り込み各メッシュ数
40 31 33 43 45 31 48 33 49 40
第1点の移動距離:0.0
第2点の移動距離:0.0
第3点の移動距離:0.0
第4点の移動距離:0.0
第5点の移動距離:0.07877522025848813
15回目の母点
13.362862 51.874796
93.785183 16.161465
63.691351 10.472744
42.100490 44.685923
84.868653 84.520352
34.164540 11.217707
52.092144 81.451619
10.091254 16.430318
78.163835 46.095022
13.629954 85.341296
15回目の取り込み総メッシュ数: 392
15回目の取り込み各メッシュ数
40 31 33 43 46 31 49 33 49 37
第1点の移動距離:0.0
第2点の移動距離:0.0
第3点の移動距離:0.0
第4点の移動距離:0.0
第5点の移動距離:0.08086797366574615
16回目の母点
13.362862 51.874796
93.785183 16.161465
63.691351 10.472744
42.100490 44.685923
84.913415 84.235979
34.164540 11.217707
52.144302 80.085726
10.091254 16.430318
78.163835 46.095022
12.964107 85.428790
16回目の取り込み総メッシュ数: 389
16回目の取り込み各メッシュ数
40 31 33 43 44 31 47 33 49 38
第1点の移動距離:0.0
第2点の移動距離:0.0
第3点の移動距離:0.0
第4点の移動距離:0.0
第5点の移動距離:1.3717481106512579e-05
17回目の母点
13.362862 51.874796
93.785183 16.161465
63.691351 10.472744
42.100490 44.685923
84.908633 84.239683
34.164540 11.217707
52.097836 80.555535
10.091254 16.430318
78.163835 46.095022
13.214343 85.854042
17回目の取り込み総メッシュ数: 391
17回目の取り込み各メッシュ数
40 31 33 43 45 31 48 33 49 38
第1点の移動距離:0.0
第2点の移動距離:0.0
第3点の移動距離:0.0
第4点の移動距離:0.0
第5点の移動距離:0.0
第6点の移動距離:0.0
第7点の移動距離:0.0
第8点の移動距離:0.0
第9点の移動距離:0.0
第10点の移動距離:0.11563971853775426
18回目の母点
13.362862 51.874796
93.785183 16.161465
63.691351 10.472744
42.100490 44.685923
84.908633 84.239683
34.164540 11.217707
52.097836 80.555535
10.091254 16.430318
78.163835 46.095022
13.360589 85.513984
18回目の取り込み総メッシュ数: 390
18回目の取り込み各メッシュ数
40 31 33 43 45 31 48 33 49 37
第1点の移動距離:0.0
第2点の移動距離:0.0
第3点の移動距離:0.0
第4点の移動距離:0.0
第5点の移動距離:0.0
第6点の移動距離:0.0
第7点の移動距離:0.2312247309415013
19回目の母点
13.362862 51.874796
93.785183 16.161465
63.691351 10.472744
42.100490 44.685923
84.908633 84.239683
34.164540 11.217707
52.099179 80.074677
10.091254 16.430318
78.163835 46.095022
12.850820 85.469789
19回目の取り込み総メッシュ数: 390
19回目の取り込み各メッシュ数
40 31 33 43 45 31 48 33 49 37
第1点の移動距離:0.0
第2点の移動距離:0.0
第3点の移動距離:0.0
第4点の移動距離:0.0
第5点の移動距離:0.0
第6点の移動距離:0.0
第7点の移動距離:0.06632686880508112
20回目の母点
13.362862 51.874796
93.785183 16.161465
63.691351 10.472744
42.100490 44.685923
84.908633 84.239683
34.164540 11.217707
52.239822 79.817137
10.091254 16.430318
78.163835 46.095022
13.239486 85.466364
20回目の取り込み総メッシュ数: 388
20回目の取り込み各メッシュ数
40 31 33 43 45 31 47 33 49 36
第1点の移動距離:0.0
第2点の移動距離:0.0
第3点の移動距離:0.0
第4点の移動距離:0.0
第5点の移動距離:0.0
第6点の移動距離:0.0
第7点の移動距離:1.4083501104505283
21回目の母点
13.362862 51.874796
93.785183 16.161465
63.691351 10.472744
42.100490 44.685923
84.908633 84.239683
34.164540 11.217707
51.994178 81.003876
10.091254 16.430318
78.163835 46.095022
13.239486 85.466364
21回目の取り込み総メッシュ数: 390
21回目の取り込み各メッシュ数
40 31 33 43 45 31 49 33 49 36
第1点の移動距離:0.0
第2点の移動距離:0.0
第3点の移動距離:0.0
第4点の移動距離:0.0
第5点の移動距離:0.0
第6点の移動距離:0.0
第7点の移動距離:0.20100957679442766
22回目の母点
13.362862 51.874796
93.785183 16.161465
63.691351 10.472744
42.100490 44.685923
84.908633 84.239683
34.164540 11.217707
52.097836 80.555535
10.091254 16.430318
78.163835 46.095022
13.239486 85.466364
22回目の取り込み総メッシュ数: 389
22回目の取り込み各メッシュ数
40 31 33 43 45 31 48 33 49 36
第1点の移動距離:0.0
第2点の移動距離:0.0
第3点の移動距離:0.0
第4点の移動距離:0.0
第5点の移動距離:0.0
第6点の移動距離:0.0
第7点の移動距離:0.0
第8点の移動距離:0.0
第9点の移動距離:0.0
第10点の移動距離:0.15029414541282488
23回目の母点
13.362862 51.874796
93.785183 16.161465
63.691351 10.472744
42.100490 44.685923
84.908633 84.239683
34.164540 11.217707
52.097836 80.555535
10.091254 16.430318
78.163835 46.095022
13.214343 85.854042
23回目の取り込み総メッシュ数: 391
23回目の取り込み各メッシュ数
40 31 33 43 45 31 48 33 49 38
第1点の移動距離:0.0
第2点の移動距離:0.0
第3点の移動距離:0.0
第4点の移動距離:0.0
第5点の移動距離:0.0
第6点の移動距離:0.0
第7点の移動距離:0.0
第8点の移動距離:0.0
第9点の移動距離:0.0
第10点の移動距離:0.11563971853775426
24回目の母点
13.362862 51.874796
93.785183 16.161465
63.691351 10.472744
42.100490 44.685923
84.908633 84.239683
34.164540 11.217707
52.097836 80.555535
10.091254 16.430318
78.163835 46.095022
13.360589 85.513984
24回目の取り込み総メッシュ数: 390
24回目の取り込み各メッシュ数
40 31 33 43 45 31 48 33 49 37
第1点の移動距離:0.0
第2点の移動距離:0.0
第3点の移動距離:0.0
第4点の移動距離:0.0
第5点の移動距離:0.0
第6点の移動距離:0.0
第7点の移動距離:0.2312247309415013
25回目の母点
13.362862 51.874796
93.785183 16.161465
63.691351 10.472744
42.100490 44.685923
84.908633 84.239683
34.164540 11.217707
52.099179 80.074677
10.091254 16.430318
78.163835 46.095022
12.850820 85.469789
25回目の取り込み総メッシュ数: 390
25回目の取り込み各メッシュ数
40 31 33 43 45 31 48 33 49 37
第1点の移動距離:0.0
第2点の移動距離:0.0
第3点の移動距離:0.0
第4点の移動距離:0.0
第5点の移動距離:0.0
第6点の移動距離:0.0
第7点の移動距離:0.06632686880508112
26回目の母点
13.362862 51.874796
93.785183 16.161465
63.691351 10.472744
42.100490 44.685923
84.908633 84.239683
34.164540 11.217707
52.239822 79.817137
10.091254 16.430318
78.163835 46.095022
13.239486 85.466364
26回目の取り込み総メッシュ数: 388
26回目の取り込み各メッシュ数
40 31 33 43 45 31 47 33 49 36
第1点の移動距離:0.0
第2点の移動距離:0.0
第3点の移動距離:0.0
第4点の移動距離:0.0
第5点の移動距離:0.0
第6点の移動距離:0.0
第7点の移動距離:1.4083501104505283
27回目の母点
13.362862 51.874796
93.785183 16.161465
63.691351 10.472744
42.100490 44.685923
84.908633 84.239683
34.164540 11.217707
51.994178 81.003876
10.091254 16.430318
78.163835 46.095022
13.239486 85.466364
27回目の取り込み総メッシュ数: 390
27回目の取り込み各メッシュ数
40 31 33 43 45 31 49 33 49 36
第1点の移動距離:0.0
第2点の移動距離:0.0
第3点の移動距離:0.0
第4点の移動距離:0.0
第5点の移動距離:0.0
第6点の移動距離:0.0
第7点の移動距離:0.20100957679442766
28回目の母点
13.362862 51.874796
93.785183 16.161465
63.691351 10.472744
42.100490 44.685923
84.908633 84.239683
34.164540 11.217707
52.097836 80.555535
10.091254 16.430318
78.163835 46.095022
13.239486 85.466364
28回目の取り込み総メッシュ数: 389
28回目の取り込み各メッシュ数
40 31 33 43 45 31 48 33 49 36
第1点の移動距離:0.0
第2点の移動距離:0.0
第3点の移動距離:0.0
第4点の移動距離:0.0
第5点の移動距離:0.0
第6点の移動距離:0.0
第7点の移動距離:0.0
第8点の移動距離:0.0
第9点の移動距離:0.0
第10点の移動距離:0.15029414541282488
29回目の母点
13.362862 51.874796
93.785183 16.161465
63.691351 10.472744
42.100490 44.685923
84.908633 84.239683
34.164540 11.217707
52.097836 80.555535
10.091254 16.430318
78.163835 46.095022
13.214343 85.854042
29回目の取り込み総メッシュ数: 391
29回目の取り込み各メッシュ数
40 31 33 43 45 31 48 33 49 38
第1点の移動距離:0.0
第2点の移動距離:0.0
第3点の移動距離:0.0
第4点の移動距離:0.0
第5点の移動距離:0.0
第6点の移動距離:0.0
第7点の移動距離:0.0
第8点の移動距離:0.0
第9点の移動距離:0.0
第10点の移動距離:0.11563971853775426
30回目の母点
13.362862 51.874796
93.785183 16.161465
63.691351 10.472744
42.100490 44.685923
84.908633 84.239683
34.164540 11.217707
52.097836 80.555535
10.091254 16.430318
78.163835 46.095022
13.360589 85.513984
30回目の取り込み総メッシュ数: 390
30回目の取り込み各メッシュ数
40 31 33 43 45 31 48 33 49 37
第1点の移動距離:0.0
第2点の移動距離:0.0
第3点の移動距離:0.0
第4点の移動距離:0.0
第5点の移動距離:0.0
第6点の移動距離:0.0
第7点の移動距離:0.2312247309415013
31回目の母点
13.362862 51.874796
93.785183 16.161465
63.691351 10.472744
42.100490 44.685923
84.908633 84.239683
34.164540 11.217707
52.099179 80.074677
10.091254 16.430318
78.163835 46.095022
12.850820 85.469789
31回目の取り込み総メッシュ数: 390
31回目の取り込み各メッシュ数
40 31 33 43 45 31 48 33 49 37
第1点の移動距離:0.0
第2点の移動距離:0.0
第3点の移動距離:0.0
第4点の移動距離:0.0
第5点の移動距離:0.0
第6点の移動距離:0.0
第7点の移動距離:0.06632686880508112
32回目の母点
13.362862 51.874796
93.785183 16.161465
63.691351 10.472744
42.100490 44.685923
84.908633 84.239683
34.164540 11.217707
52.239822 79.817137
10.091254 16.430318
78.163835 46.095022
13.239486 85.466364
32回目の取り込み総メッシュ数: 388
32回目の取り込み各メッシュ数
40 31 33 43 45 31 47 33 49 36
第1点の移動距離:0.0
第2点の移動距離:0.0
第3点の移動距離:0.0
第4点の移動距離:0.0
第5点の移動距離:0.0
第6点の移動距離:0.0
第7点の移動距離:1.4083501104505283
33回目の母点
13.362862 51.874796
93.785183 16.161465
63.691351 10.472744
42.100490 44.685923
84.908633 84.239683
34.164540 11.217707
51.994178 81.003876
10.091254 16.430318
78.163835 46.095022
13.239486 85.466364
33回目の取り込み総メッシュ数: 390
33回目の取り込み各メッシュ数
40 31 33 43 45 31 49 33 49 36
第1点の移動距離:0.0
第2点の移動距離:0.0
第3点の移動距離:0.0
第4点の移動距離:0.0
第5点の移動距離:0.0
第6点の移動距離:0.0
第7点の移動距離:0.20100957679442766
34回目の母点
13.362862 51.874796
93.785183 16.161465
63.691351 10.472744
42.100490 44.685923
84.908633 84.239683
34.164540 11.217707
52.097836 80.555535
10.091254 16.430318
78.163835 46.095022
13.239486 85.466364
34回目の取り込み総メッシュ数: 389
34回目の取り込み各メッシュ数
40 31 33 43 45 31 48 33 49 36
第1点の移動距離:0.0
第2点の移動距離:0.0
第3点の移動距離:0.0
第4点の移動距離:0.0
第5点の移動距離:0.0
第6点の移動距離:0.0
第7点の移動距離:0.0
第8点の移動距離:0.0
第9点の移動距離:0.0
第10点の移動距離:0.15029414541282488
35回目の母点
13.362862 51.874796
93.785183 16.161465
63.691351 10.472744
42.100490 44.685923
84.908633 84.239683
34.164540 11.217707
52.097836 80.555535
10.091254 16.430318
78.163835 46.095022
13.214343 85.854042
35回目の取り込み総メッシュ数: 391
35回目の取り込み各メッシュ数
40 31 33 43 45 31 48 33 49 38
第1点の移動距離:0.0
第2点の移動距離:0.0
第3点の移動距離:0.0
第4点の移動距離:0.0
第5点の移動距離:0.0
第6点の移動距離:0.0
第7点の移動距離:0.0
第8点の移動距離:0.0
第9点の移動距離:0.0
第10点の移動距離:0.11563971853775426
36回目の母点
13.362862 51.874796
93.785183 16.161465
63.691351 10.472744
42.100490 44.685923
84.908633 84.239683
34.164540 11.217707
52.097836 80.555535
10.091254 16.430318
78.163835 46.095022
13.360589 85.513984
36回目の取り込み総メッシュ数: 390
36回目の取り込み各メッシュ数
40 31 33 43 45 31 48 33 49 37
第1点の移動距離:0.0
第2点の移動距離:0.0
第3点の移動距離:0.0
第4点の移動距離:0.0
第5点の移動距離:0.0
第6点の移動距離:0.0
第7点の移動距離:0.2312247309415013
37回目の母点
13.362862 51.874796
93.785183 16.161465
63.691351 10.472744
42.100490 44.685923
84.908633 84.239683
34.164540 11.217707
52.099179 80.074677
10.091254 16.430318
78.163835 46.095022
12.850820 85.469789
37回目の取り込み総メッシュ数: 390
37回目の取り込み各メッシュ数
40 31 33 43 45 31 48 33 49 37
第1点の移動距離:0.0
第2点の移動距離:0.0
第3点の移動距離:0.0
第4点の移動距離:0.0
第5点の移動距離:0.0
第6点の移動距離:0.0
第7点の移動距離:0.06632686880508112
38回目の母点
13.362862 51.874796
93.785183 16.161465
63.691351 10.472744
42.100490 44.685923
84.908633 84.239683
34.164540 11.217707
52.239822 79.817137
10.091254 16.430318
78.163835 46.095022
13.239486 85.466364
38回目の取り込み総メッシュ数: 388
38回目の取り込み各メッシュ数
40 31 33 43 45 31 47 33 49 36
第1点の移動距離:0.0
第2点の移動距離:0.0
第3点の移動距離:0.0
第4点の移動距離:0.0
第5点の移動距離:0.0
第6点の移動距離:0.0
第7点の移動距離:1.4083501104505283
39回目の母点
13.362862 51.874796
93.785183 16.161465
63.691351 10.472744
42.100490 44.685923
84.908633 84.239683
34.164540 11.217707
51.994178 81.003876
10.091254 16.430318
78.163835 46.095022
13.239486 85.466364
39回目の取り込み総メッシュ数: 390
39回目の取り込み各メッシュ数
40 31 33 43 45 31 49 33 49 36
第1点の移動距離:0.0
第2点の移動距離:0.0
第3点の移動距離:0.0
第4点の移動距離:0.0
第5点の移動距離:0.0
第6点の移動距離:0.0
第7点の移動距離:0.20100957679442766
40回目の母点
13.362862 51.874796
93.785183 16.161465
63.691351 10.472744
42.100490 44.685923
84.908633 84.239683
34.164540 11.217707
52.097836 80.555535
10.091254 16.430318
78.163835 46.095022
13.239486 85.466364
40回目の取り込み総メッシュ数: 389
40回目の取り込み各メッシュ数
40 31 33 43 45 31 48 33 49 36
第1点の移動距離:0.0
第2点の移動距離:0.0
第3点の移動距離:0.0
第4点の移動距離:0.0
第5点の移動距離:0.0
第6点の移動距離:0.0
第7点の移動距離:0.0
第8点の移動距離:0.0
第9点の移動距離:0.0
第10点の移動距離:0.15029414541282488
41回目の母点
13.362862 51.874796
93.785183 16.161465
63.691351 10.472744
42.100490 44.685923
84.908633 84.239683
34.164540 11.217707
52.097836 80.555535
10.091254 16.430318
78.163835 46.095022
13.214343 85.854042
41回目の取り込み総メッシュ数: 391
41回目の取り込み各メッシュ数
40 31 33 43 45 31 48 33 49 38
第1点の移動距離:0.0
第2点の移動距離:0.0
第3点の移動距離:0.0
第4点の移動距離:0.0
第5点の移動距離:0.0
第6点の移動距離:0.0
第7点の移動距離:0.0
第8点の移動距離:0.0
第9点の移動距離:0.0
第10点の移動距離:0.11563971853775426
42回目の母点
13.362862 51.874796
93.785183 16.161465
63.691351 10.472744
42.100490 44.685923
84.908633 84.239683
34.164540 11.217707
52.097836 80.555535
10.091254 16.430318
78.163835 46.095022
13.360589 85.513984
42回目の取り込み総メッシュ数: 390
42回目の取り込み各メッシュ数
40 31 33 43 45 31 48 33 49 37
第1点の移動距離:0.0
第2点の移動距離:0.0
第3点の移動距離:0.0
第4点の移動距離:0.0
第5点の移動距離:0.0
第6点の移動距離:0.0
第7点の移動距離:0.2312247309415013
43回目の母点
13.362862 51.874796
93.785183 16.161465
63.691351 10.472744
42.100490 44.685923
84.908633 84.239683
34.164540 11.217707
52.099179 80.074677
10.091254 16.430318
78.163835 46.095022
12.850820 85.469789
43回目の取り込み総メッシュ数: 390
43回目の取り込み各メッシュ数
40 31 33 43 45 31 48 33 49 37
第1点の移動距離:0.0
第2点の移動距離:0.0
第3点の移動距離:0.0
第4点の移動距離:0.0
第5点の移動距離:0.0
第6点の移動距離:0.0
第7点の移動距離:0.06632686880508112
44回目の母点
13.362862 51.874796
93.785183 16.161465
63.691351 10.472744
42.100490 44.685923
84.908633 84.239683
34.164540 11.217707
52.239822 79.817137
10.091254 16.430318
78.163835 46.095022
13.239486 85.466364
44回目の取り込み総メッシュ数: 388
44回目の取り込み各メッシュ数
40 31 33 43 45 31 47 33 49 36
第1点の移動距離:0.0
第2点の移動距離:0.0
第3点の移動距離:0.0
第4点の移動距離:0.0
第5点の移動距離:0.0
第6点の移動距離:0.0
第7点の移動距離:1.4083501104505283
45回目の母点
13.362862 51.874796
93.785183 16.161465
63.691351 10.472744
42.100490 44.685923
84.908633 84.239683
34.164540 11.217707
51.994178 81.003876
10.091254 16.430318
78.163835 46.095022
13.239486 85.466364
45回目の取り込み総メッシュ数: 390
45回目の取り込み各メッシュ数
40 31 33 43 45 31 49 33 49 36
第1点の移動距離:0.0
第2点の移動距離:0.0
第3点の移動距離:0.0
第4点の移動距離:0.0
第5点の移動距離:0.0
第6点の移動距離:0.0
第7点の移動距離:0.20100957679442766
46回目の母点
13.362862 51.874796
93.785183 16.161465
63.691351 10.472744
42.100490 44.685923
84.908633 84.239683
34.164540 11.217707
52.097836 80.555535
10.091254 16.430318
78.163835 46.095022
13.239486 85.466364
46回目の取り込み総メッシュ数: 389
46回目の取り込み各メッシュ数
40 31 33 43 45 31 48 33 49 36
第1点の移動距離:0.0
第2点の移動距離:0.0
第3点の移動距離:0.0
第4点の移動距離:0.0
第5点の移動距離:0.0
第6点の移動距離:0.0
第7点の移動距離:0.0
第8点の移動距離:0.0
第9点の移動距離:0.0
第10点の移動距離:0.15029414541282488
47回目の母点
13.362862 51.874796
93.785183 16.161465
63.691351 10.472744
42.100490 44.685923
84.908633 84.239683
34.164540 11.217707
52.097836 80.555535
10.091254 16.430318
78.163835 46.095022
13.214343 85.854042
47回目の取り込み総メッシュ数: 391
47回目の取り込み各メッシュ数
40 31 33 43 45 31 48 33 49 38
第1点の移動距離:0.0
第2点の移動距離:0.0
第3点の移動距離:0.0
第4点の移動距離:0.0
第5点の移動距離:0.0
第6点の移動距離:0.0
第7点の移動距離:0.0
第8点の移動距離:0.0
第9点の移動距離:0.0
第10点の移動距離:0.11563971853775426
48回目の母点
13.362862 51.874796
93.785183 16.161465
63.691351 10.472744
42.100490 44.685923
84.908633 84.239683
34.164540 11.217707
52.097836 80.555535
10.091254 16.430318
78.163835 46.095022
13.360589 85.513984
48回目の取り込み総メッシュ数: 390
48回目の取り込み各メッシュ数
40 31 33 43 45 31 48 33 49 37
第1点の移動距離:0.0
第2点の移動距離:0.0
第3点の移動距離:0.0
第4点の移動距離:0.0
第5点の移動距離:0.0
第6点の移動距離:0.0
第7点の移動距離:0.2312247309415013
49回目の母点
13.362862 51.874796
93.785183 16.161465
63.691351 10.472744
42.100490 44.685923
84.908633 84.239683
34.164540 11.217707
52.099179 80.074677
10.091254 16.430318
78.163835 46.095022
12.850820 85.469789
49回目の取り込み総メッシュ数: 390
49回目の取り込み各メッシュ数
40 31 33 43 45 31 48 33 49 37
第1点の移動距離:0.0
第2点の移動距離:0.0
第3点の移動距離:0.0
第4点の移動距離:0.0
第5点の移動距離:0.0
第6点の移動距離:0.0
第7点の移動距離:0.06632686880508112
50回目の母点
13.362862 51.874796
93.785183 16.161465
63.691351 10.472744
42.100490 44.685923
84.908633 84.239683
34.164540 11.217707
52.239822 79.817137
10.091254 16.430318
78.163835 46.095022
13.239486 85.466364
50回目の取り込み総メッシュ数: 388
50回目の取り込み各メッシュ数
40 31 33 43 45 31 47 33 49 36
第1点の移動距離:0.0
第2点の移動距離:0.0
第3点の移動距離:0.0
第4点の移動距離:0.0
第5点の移動距離:0.0
第6点の移動距離:0.0
第7点の移動距離:1.4083501104505283
51回目の母点
13.362862 51.874796
93.785183 16.161465
63.691351 10.472744
42.100490 44.685923
84.908633 84.239683
34.164540 11.217707
51.994178 81.003876
10.091254 16.430318
78.163835 46.095022
13.239486 85.466364
51回目の取り込み総メッシュ数: 390
51回目の取り込み各メッシュ数
40 31 33 43 45 31 49 33 49 36
第1点の移動距離:0.0
第2点の移動距離:0.0
第3点の移動距離:0.0
第4点の移動距離:0.0
第5点の移動距離:0.0
第6点の移動距離:0.0
第7点の移動距離:0.20100957679442766
52回目の母点
13.362862 51.874796
93.785183 16.161465
63.691351 10.472744
42.100490 44.685923
84.908633 84.239683
34.164540 11.217707
52.097836 80.555535
10.091254 16.430318
78.163835 46.095022
13.239486 85.466364
52回目の取り込み総メッシュ数: 389
52回目の取り込み各メッシュ数
40 31 33 43 45 31 48 33 49 36
第1点の移動距離:0.0
第2点の移動距離:0.0
第3点の移動距離:0.0
第4点の移動距離:0.0
第5点の移動距離:0.0
第6点の移動距離:0.0
第7点の移動距離:0.0
第8点の移動距離:0.0
第9点の移動距離:0.0
第10点の移動距離:0.15029414541282488
53回目の母点
13.362862 51.874796
93.785183 16.161465
63.691351 10.472744
42.100490 44.685923
84.908633 84.239683
34.164540 11.217707
52.097836 80.555535
10.091254 16.430318
78.163835 46.095022
13.214343 85.854042
53回目の取り込み総メッシュ数: 391
53回目の取り込み各メッシュ数
40 31 33 43 45 31 48 33 49 38
第1点の移動距離:0.0
第2点の移動距離:0.0
第3点の移動距離:0.0
第4点の移動距離:0.0
第5点の移動距離:0.0
第6点の移動距離:0.0
第7点の移動距離:0.0
第8点の移動距離:0.0
第9点の移動距離:0.0
第10点の移動距離:0.11563971853775426
54回目の母点
13.362862 51.874796
93.785183 16.161465
63.691351 10.472744
42.100490 44.685923
84.908633 84.239683
34.164540 11.217707
52.097836 80.555535
10.091254 16.430318
78.163835 46.095022
13.360589 85.513984
54回目の取り込み総メッシュ数: 390
54回目の取り込み各メッシュ数
40 31 33 43 45 31 48 33 49 37
第1点の移動距離:0.0
第2点の移動距離:0.0
第3点の移動距離:0.0
第4点の移動距離:0.0
第5点の移動距離:0.0
第6点の移動距離:0.0
第7点の移動距離:0.2312247309415013
55回目の母点
13.362862 51.874796
93.785183 16.161465
63.691351 10.472744
42.100490 44.685923
84.908633 84.239683
34.164540 11.217707
52.099179 80.074677
10.091254 16.430318
78.163835 46.095022
12.850820 85.469789
55回目の取り込み総メッシュ数: 390
55回目の取り込み各メッシュ数
40 31 33 43 45 31 48 33 49 37
第1点の移動距離:0.0
第2点の移動距離:0.0
第3点の移動距離:0.0
第4点の移動距離:0.0
第5点の移動距離:0.0
第6点の移動距離:0.0
第7点の移動距離:0.06632686880508112
56回目の母点
13.362862 51.874796
93.785183 16.161465
63.691351 10.472744
42.100490 44.685923
84.908633 84.239683
34.164540 11.217707
52.239822 79.817137
10.091254 16.430318
78.163835 46.095022
13.239486 85.466364
56回目の取り込み総メッシュ数: 388
56回目の取り込み各メッシュ数
40 31 33 43 45 31 47 33 49 36
第1点の移動距離:0.0
第2点の移動距離:0.0
第3点の移動距離:0.0
第4点の移動距離:0.0
第5点の移動距離:0.0
第6点の移動距離:0.0
第7点の移動距離:1.4083501104505283
57回目の母点
13.362862 51.874796
93.785183 16.161465
63.691351 10.472744
42.100490 44.685923
84.908633 84.239683
34.164540 11.217707
51.994178 81.003876
10.091254 16.430318
78.163835 46.095022
13.239486 85.466364
57回目の取り込み総メッシュ数: 390
57回目の取り込み各メッシュ数
40 31 33 43 45 31 49 33 49 36
第1点の移動距離:0.0
第2点の移動距離:0.0
第3点の移動距離:0.0
第4点の移動距離:0.0
第5点の移動距離:0.0
第6点の移動距離:0.0
第7点の移動距離:0.20100957679442766
58回目の母点
13.362862 51.874796
93.785183 16.161465
63.691351 10.472744
42.100490 44.685923
84.908633 84.239683
34.164540 11.217707
52.097836 80.555535
10.091254 16.430318
78.163835 46.095022
13.239486 85.466364
58回目の取り込み総メッシュ数: 389
58回目の取り込み各メッシュ数
40 31 33 43 45 31 48 33 49 36
第1点の移動距離:0.0
第2点の移動距離:0.0
第3点の移動距離:0.0
第4点の移動距離:0.0
第5点の移動距離:0.0
第6点の移動距離:0.0
第7点の移動距離:0.0
第8点の移動距離:0.0
第9点の移動距離:0.0
第10点の移動距離:0.15029414541282488
59回目の母点
13.362862 51.874796
93.785183 16.161465
63.691351 10.472744
42.100490 44.685923
84.908633 84.239683
34.164540 11.217707
52.097836 80.555535
10.091254 16.430318
78.163835 46.095022
13.214343 85.854042
59回目の取り込み総メッシュ数: 391
59回目の取り込み各メッシュ数
40 31 33 43 45 31 48 33 49 38
第1点の移動距離:0.0
第2点の移動距離:0.0
第3点の移動距離:0.0
第4点の移動距離:0.0
第5点の移動距離:0.0
第6点の移動距離:0.0
第7点の移動距離:0.0
第8点の移動距離:0.0
第9点の移動距離:0.0
第10点の移動距離:0.11563971853775426
60回目の母点
13.362862 51.874796
93.785183 16.161465
63.691351 10.472744
42.100490 44.685923
84.908633 84.239683
34.164540 11.217707
52.097836 80.555535
10.091254 16.430318
78.163835 46.095022
13.360589 85.513984
60回目の取り込み総メッシュ数: 390
60回目の取り込み各メッシュ数
40 31 33 43 45 31 48 33 49 37
第1点の移動距離:0.0
第2点の移動距離:0.0
第3点の移動距離:0.0
第4点の移動距離:0.0
第5点の移動距離:0.0
第6点の移動距離:0.0
第7点の移動距離:0.2312247309415013
61回目の母点
13.362862 51.874796
93.785183 16.161465
63.691351 10.472744
42.100490 44.685923
84.908633 84.239683
34.164540 11.217707
52.099179 80.074677
10.091254 16.430318
78.163835 46.095022
12.850820 85.469789
61回目の取り込み総メッシュ数: 390
61回目の取り込み各メッシュ数
40 31 33 43 45 31 48 33 49 37
第1点の移動距離:0.0
第2点の移動距離:0.0
第3点の移動距離:0.0
第4点の移動距離:0.0
第5点の移動距離:0.0
第6点の移動距離:0.0
第7点の移動距離:0.06632686880508112
62回目の母点
13.362862 51.874796
93.785183 16.161465
63.691351 10.472744
42.100490 44.685923
84.908633 84.239683
34.164540 11.217707
52.239822 79.817137
10.091254 16.430318
78.163835 46.095022
13.239486 85.466364
62回目の取り込み総メッシュ数: 388
62回目の取り込み各メッシュ数
40 31 33 43 45 31 47 33 49 36
第1点の移動距離:0.0
第2点の移動距離:0.0
第3点の移動距離:0.0
第4点の移動距離:0.0
第5点の移動距離:0.0
第6点の移動距離:0.0
第7点の移動距離:1.4083501104505283
63回目の母点
13.362862 51.874796
93.785183 16.161465
63.691351 10.472744
42.100490 44.685923
84.908633 84.239683
34.164540 11.217707
51.994178 81.003876
10.091254 16.430318
78.163835 46.095022
13.239486 85.466364
63回目の取り込み総メッシュ数: 390
63回目の取り込み各メッシュ数
40 31 33 43 45 31 49 33 49 36
第1点の移動距離:0.0
第2点の移動距離:0.0
第3点の移動距離:0.0
第4点の移動距離:0.0
第5点の移動距離:0.0
第6点の移動距離:0.0
第7点の移動距離:0.20100957679442766
64回目の母点
13.362862 51.874796
93.785183 16.161465
63.691351 10.472744
42.100490 44.685923
84.908633 84.239683
34.164540 11.217707
52.097836 80.555535
10.091254 16.430318
78.163835 46.095022
13.239486 85.466364
64回目の取り込み総メッシュ数: 389
64回目の取り込み各メッシュ数
40 31 33 43 45 31 48 33 49 36
第1点の移動距離:0.0
第2点の移動距離:0.0
第3点の移動距離:0.0
第4点の移動距離:0.0
第5点の移動距離:0.0
第6点の移動距離:0.0
第7点の移動距離:0.0
第8点の移動距離:0.0
第9点の移動距離:0.0
第10点の移動距離:0.15029414541282488
65回目の母点
13.362862 51.874796
93.785183 16.161465
63.691351 10.472744
42.100490 44.685923
84.908633 84.239683
34.164540 11.217707
52.097836 80.555535
10.091254 16.430318
78.163835 46.095022
13.214343 85.854042
65回目の取り込み総メッシュ数: 391
65回目の取り込み各メッシュ数
40 31 33 43 45 31 48 33 49 38
第1点の移動距離:0.0
第2点の移動距離:0.0
第3点の移動距離:0.0
第4点の移動距離:0.0
第5点の移動距離:0.0
第6点の移動距離:0.0
第7点の移動距離:0.0
第8点の移動距離:0.0
第9点の移動距離:0.0
第10点の移動距離:0.11563971853775426
66回目の母点
13.362862 51.874796
93.785183 16.161465
63.691351 10.472744
42.100490 44.685923
84.908633 84.239683
34.164540 11.217707
52.097836 80.555535
10.091254 16.430318
78.163835 46.095022
13.360589 85.513984
66回目の取り込み総メッシュ数: 390
66回目の取り込み各メッシュ数
40 31 33 43 45 31 48 33 49 37
第1点の移動距離:0.0
第2点の移動距離:0.0
第3点の移動距離:0.0
第4点の移動距離:0.0
第5点の移動距離:0.0
第6点の移動距離:0.0
第7点の移動距離:0.2312247309415013
67回目の母点
13.362862 51.874796
93.785183 16.161465
63.691351 10.472744
42.100490 44.685923
84.908633 84.239683
34.164540 11.217707
52.099179 80.074677
10.091254 16.430318
78.163835 46.095022
12.850820 85.469789
67回目の取り込み総メッシュ数: 390
67回目の取り込み各メッシュ数
40 31 33 43 45 31 48 33 49 37
第1点の移動距離:0.0
第2点の移動距離:0.0
第3点の移動距離:0.0
第4点の移動距離:0.0
第5点の移動距離:0.0
第6点の移動距離:0.0
第7点の移動距離:0.06632686880508112
68回目の母点
13.362862 51.874796
93.785183 16.161465
63.691351 10.472744
42.100490 44.685923
84.908633 84.239683
34.164540 11.217707
52.239822 79.817137
10.091254 16.430318
78.163835 46.095022
13.239486 85.466364
68回目の取り込み総メッシュ数: 388
68回目の取り込み各メッシュ数
40 31 33 43 45 31 47 33 49 36
第1点の移動距離:0.0
第2点の移動距離:0.0
第3点の移動距離:0.0
第4点の移動距離:0.0
第5点の移動距離:0.0
第6点の移動距離:0.0
第7点の移動距離:1.4083501104505283
69回目の母点
13.362862 51.874796
93.785183 16.161465
63.691351 10.472744
42.100490 44.685923
84.908633 84.239683
34.164540 11.217707
51.994178 81.003876
10.091254 16.430318
78.163835 46.095022
13.239486 85.466364
69回目の取り込み総メッシュ数: 390
69回目の取り込み各メッシュ数
40 31 33 43 45 31 49 33 49 36
第1点の移動距離:0.0
第2点の移動距離:0.0
第3点の移動距離:0.0
第4点の移動距離:0.0
第5点の移動距離:0.0
第6点の移動距離:0.0
第7点の移動距離:0.20100957679442766
70回目の母点
13.362862 51.874796
93.785183 16.161465
63.691351 10.472744
42.100490 44.685923
84.908633 84.239683
34.164540 11.217707
52.097836 80.555535
10.091254 16.430318
78.163835 46.095022
13.239486 85.466364
70回目の取り込み総メッシュ数: 389
70回目の取り込み各メッシュ数
40 31 33 43 45 31 48 33 49 36
第1点の移動距離:0.0
第2点の移動距離:0.0
第3点の移動距離:0.0
第4点の移動距離:0.0
第5点の移動距離:0.0
第6点の移動距離:0.0
第7点の移動距離:0.0
第8点の移動距離:0.0
第9点の移動距離:0.0
第10点の移動距離:0.15029414541282488
71回目の母点
13.362862 51.874796
93.785183 16.161465
63.691351 10.472744
42.100490 44.685923
84.908633 84.239683
34.164540 11.217707
52.097836 80.555535
10.091254 16.430318
78.163835 46.095022
13.214343 85.854042
71回目の取り込み総メッシュ数: 391
71回目の取り込み各メッシュ数
40 31 33 43 45 31 48 33 49 38
第1点の移動距離:0.0
第2点の移動距離:0.0
第3点の移動距離:0.0
第4点の移動距離:0.0
第5点の移動距離:0.0
第6点の移動距離:0.0
第7点の移動距離:0.0
第8点の移動距離:0.0
第9点の移動距離:0.0
第10点の移動距離:0.11563971853775426
72回目の母点
13.362862 51.874796
93.785183 16.161465
63.691351 10.472744
42.100490 44.685923
84.908633 84.239683
34.164540 11.217707
52.097836 80.555535
10.091254 16.430318
78.163835 46.095022
13.360589 85.513984
72回目の取り込み総メッシュ数: 390
72回目の取り込み各メッシュ数
40 31 33 43 45 31 48 33 49 37
第1点の移動距離:0.0
第2点の移動距離:0.0
第3点の移動距離:0.0
第4点の移動距離:0.0
第5点の移動距離:0.0
第6点の移動距離:0.0
第7点の移動距離:0.2312247309415013
73回目の母点
13.362862 51.874796
93.785183 16.161465
63.691351 10.472744
42.100490 44.685923
84.908633 84.239683
34.164540 11.217707
52.099179 80.074677
10.091254 16.430318
78.163835 46.095022
12.850820 85.469789
73回目の取り込み総メッシュ数: 390
73回目の取り込み各メッシュ数
40 31 33 43 45 31 48 33 49 37
第1点の移動距離:0.0
第2点の移動距離:0.0
第3点の移動距離:0.0
第4点の移動距離:0.0
第5点の移動距離:0.0
第6点の移動距離:0.0
第7点の移動距離:0.06632686880508112
74回目の母点
13.362862 51.874796
93.785183 16.161465
63.691351 10.472744
42.100490 44.685923
84.908633 84.239683
34.164540 11.217707
52.239822 79.817137
10.091254 16.430318
78.163835 46.095022
13.239486 85.466364
74回目の取り込み総メッシュ数: 388
74回目の取り込み各メッシュ数
40 31 33 43 45 31 47 33 49 36
第1点の移動距離:0.0
第2点の移動距離:0.0
第3点の移動距離:0.0
第4点の移動距離:0.0
第5点の移動距離:0.0
第6点の移動距離:0.0
第7点の移動距離:1.4083501104505283
75回目の母点
13.362862 51.874796
93.785183 16.161465
63.691351 10.472744
42.100490 44.685923
84.908633 84.239683
34.164540 11.217707
51.994178 81.003876
10.091254 16.430318
78.163835 46.095022
13.239486 85.466364
75回目の取り込み総メッシュ数: 390
75回目の取り込み各メッシュ数
40 31 33 43 45 31 49 33 49 36
第1点の移動距離:0.0
第2点の移動距離:0.0
第3点の移動距離:0.0
第4点の移動距離:0.0
第5点の移動距離:0.0
第6点の移動距離:0.0
第7点の移動距離:0.20100957679442766
76回目の母点
13.362862 51.874796
93.785183 16.161465
63.691351 10.472744
42.100490 44.685923
84.908633 84.239683
34.164540 11.217707
52.097836 80.555535
10.091254 16.430318
78.163835 46.095022
13.239486 85.466364
76回目の取り込み総メッシュ数: 389
76回目の取り込み各メッシュ数
40 31 33 43 45 31 48 33 49 36
第1点の移動距離:0.0
第2点の移動距離:0.0
第3点の移動距離:0.0
第4点の移動距離:0.0
第5点の移動距離:0.0
第6点の移動距離:0.0
第7点の移動距離:0.0
第8点の移動距離:0.0
第9点の移動距離:0.0
第10点の移動距離:0.15029414541282488
77回目の母点
13.362862 51.874796
93.785183 16.161465
63.691351 10.472744
42.100490 44.685923
84.908633 84.239683
34.164540 11.217707
52.097836 80.555535
10.091254 16.430318
78.163835 46.095022
13.214343 85.854042
77回目の取り込み総メッシュ数: 391
77回目の取り込み各メッシュ数
40 31 33 43 45 31 48 33 49 38
第1点の移動距離:0.0
第2点の移動距離:0.0
第3点の移動距離:0.0
第4点の移動距離:0.0
第5点の移動距離:0.0
第6点の移動距離:0.0
第7点の移動距離:0.0
第8点の移動距離:0.0
第9点の移動距離:0.0
第10点の移動距離:0.11563971853775426
78回目の母点
13.362862 51.874796
93.785183 16.161465
63.691351 10.472744
42.100490 44.685923
84.908633 84.239683
34.164540 11.217707
52.097836 80.555535
10.091254 16.430318
78.163835 46.095022
13.360589 85.513984
78回目の取り込み総メッシュ数: 390
78回目の取り込み各メッシュ数
40 31 33 43 45 31 48 33 49 37
第1点の移動距離:0.0
第2点の移動距離:0.0
第3点の移動距離:0.0
第4点の移動距離:0.0
第5点の移動距離:0.0
第6点の移動距離:0.0
第7点の移動距離:0.2312247309415013
79回目の母点
13.362862 51.874796
93.785183 16.161465
63.691351 10.472744
42.100490 44.685923
84.908633 84.239683
34.164540 11.217707
52.099179 80.074677
10.091254 16.430318
78.163835 46.095022
12.850820 85.469789
79回目の取り込み総メッシュ数: 390
79回目の取り込み各メッシュ数
40 31 33 43 45 31 48 33 49 37
第1点の移動距離:0.0
第2点の移動距離:0.0
第3点の移動距離:0.0
第4点の移動距離:0.0
第5点の移動距離:0.0
第6点の移動距離:0.0
第7点の移動距離:0.06632686880508112
80回目の母点
13.362862 51.874796
93.785183 16.161465
63.691351 10.472744
42.100490 44.685923
84.908633 84.239683
34.164540 11.217707
52.239822 79.817137
10.091254 16.430318
78.163835 46.095022
13.239486 85.466364
80回目の取り込み総メッシュ数: 388
80回目の取り込み各メッシュ数
40 31 33 43 45 31 47 33 49 36
第1点の移動距離:0.0
第2点の移動距離:0.0
第3点の移動距離:0.0
第4点の移動距離:0.0
第5点の移動距離:0.0
第6点の移動距離:0.0
第7点の移動距離:1.4083501104505283
81回目の母点
13.362862 51.874796
93.785183 16.161465
63.691351 10.472744
42.100490 44.685923
84.908633 84.239683
34.164540 11.217707
51.994178 81.003876
10.091254 16.430318
78.163835 46.095022
13.239486 85.466364
81回目の取り込み総メッシュ数: 390
81回目の取り込み各メッシュ数
40 31 33 43 45 31 49 33 49 36
第1点の移動距離:0.0
第2点の移動距離:0.0
第3点の移動距離:0.0
第4点の移動距離:0.0
第5点の移動距離:0.0
第6点の移動距離:0.0
第7点の移動距離:0.20100957679442766
82回目の母点
13.362862 51.874796
93.785183 16.161465
63.691351 10.472744
42.100490 44.685923
84.908633 84.239683
34.164540 11.217707
52.097836 80.555535
10.091254 16.430318
78.163835 46.095022
13.239486 85.466364
82回目の取り込み総メッシュ数: 389
82回目の取り込み各メッシュ数
40 31 33 43 45 31 48 33 49 36
第1点の移動距離:0.0
第2点の移動距離:0.0
第3点の移動距離:0.0
第4点の移動距離:0.0
第5点の移動距離:0.0
第6点の移動距離:0.0
第7点の移動距離:0.0
第8点の移動距離:0.0
第9点の移動距離:0.0
第10点の移動距離:0.15029414541282488
83回目の母点
13.362862 51.874796
93.785183 16.161465
63.691351 10.472744
42.100490 44.685923
84.908633 84.239683
34.164540 11.217707
52.097836 80.555535
10.091254 16.430318
78.163835 46.095022
13.214343 85.854042
83回目の取り込み総メッシュ数: 391
83回目の取り込み各メッシュ数
40 31 33 43 45 31 48 33 49 38
第1点の移動距離:0.0
第2点の移動距離:0.0
第3点の移動距離:0.0
第4点の移動距離:0.0
第5点の移動距離:0.0
第6点の移動距離:0.0
第7点の移動距離:0.0
第8点の移動距離:0.0
第9点の移動距離:0.0
第10点の移動距離:0.11563971853775426
84回目の母点
13.362862 51.874796
93.785183 16.161465
63.691351 10.472744
42.100490 44.685923
84.908633 84.239683
34.164540 11.217707
52.097836 80.555535
10.091254 16.430318
78.163835 46.095022
13.360589 85.513984
84回目の取り込み総メッシュ数: 390
84回目の取り込み各メッシュ数
40 31 33 43 45 31 48 33 49 37
第1点の移動距離:0.0
第2点の移動距離:0.0
第3点の移動距離:0.0
第4点の移動距離:0.0
第5点の移動距離:0.0
第6点の移動距離:0.0
第7点の移動距離:0.2312247309415013
85回目の母点
13.362862 51.874796
93.785183 16.161465
63.691351 10.472744
42.100490 44.685923
84.908633 84.239683
34.164540 11.217707
52.099179 80.074677
10.091254 16.430318
78.163835 46.095022
12.850820 85.469789
85回目の取り込み総メッシュ数: 390
85回目の取り込み各メッシュ数
40 31 33 43 45 31 48 33 49 37
第1点の移動距離:0.0
第2点の移動距離:0.0
第3点の移動距離:0.0
第4点の移動距離:0.0
第5点の移動距離:0.0
第6点の移動距離:0.0
第7点の移動距離:0.06632686880508112
86回目の母点
13.362862 51.874796
93.785183 16.161465
63.691351 10.472744
42.100490 44.685923
84.908633 84.239683
34.164540 11.217707
52.239822 79.817137
10.091254 16.430318
78.163835 46.095022
13.239486 85.466364
86回目の取り込み総メッシュ数: 388
86回目の取り込み各メッシュ数
40 31 33 43 45 31 47 33 49 36
第1点の移動距離:0.0
第2点の移動距離:0.0
第3点の移動距離:0.0
第4点の移動距離:0.0
第5点の移動距離:0.0
第6点の移動距離:0.0
第7点の移動距離:1.4083501104505283
87回目の母点
13.362862 51.874796
93.785183 16.161465
63.691351 10.472744
42.100490 44.685923
84.908633 84.239683
34.164540 11.217707
51.994178 81.003876
10.091254 16.430318
78.163835 46.095022
13.239486 85.466364
87回目の取り込み総メッシュ数: 390
87回目の取り込み各メッシュ数
40 31 33 43 45 31 49 33 49 36
第1点の移動距離:0.0
第2点の移動距離:0.0
第3点の移動距離:0.0
第4点の移動距離:0.0
第5点の移動距離:0.0
第6点の移動距離:0.0
第7点の移動距離:0.20100957679442766
88回目の母点
13.362862 51.874796
93.785183 16.161465
63.691351 10.472744
42.100490 44.685923
84.908633 84.239683
34.164540 11.217707
52.097836 80.555535
10.091254 16.430318
78.163835 46.095022
13.239486 85.466364
88回目の取り込み総メッシュ数: 389
88回目の取り込み各メッシュ数
40 31 33 43 45 31 48 33 49 36
第1点の移動距離:0.0
第2点の移動距離:0.0
第3点の移動距離:0.0
第4点の移動距離:0.0
第5点の移動距離:0.0
第6点の移動距離:0.0
第7点の移動距離:0.0
第8点の移動距離:0.0
第9点の移動距離:0.0
第10点の移動距離:0.15029414541282488
89回目の母点
13.362862 51.874796
93.785183 16.161465
63.691351 10.472744
42.100490 44.685923
84.908633 84.239683
34.164540 11.217707
52.097836 80.555535
10.091254 16.430318
78.163835 46.095022
13.214343 85.854042
89回目の取り込み総メッシュ数: 391
89回目の取り込み各メッシュ数
40 31 33 43 45 31 48 33 49 38
第1点の移動距離:0.0
第2点の移動距離:0.0
第3点の移動距離:0.0
第4点の移動距離:0.0
第5点の移動距離:0.0
第6点の移動距離:0.0
第7点の移動距離:0.0
第8点の移動距離:0.0
第9点の移動距離:0.0
第10点の移動距離:0.11563971853775426
90回目の母点
13.362862 51.874796
93.785183 16.161465
63.691351 10.472744
42.100490 44.685923
84.908633 84.239683
34.164540 11.217707
52.097836 80.555535
10.091254 16.430318
78.163835 46.095022
13.360589 85.513984
90回目の取り込み総メッシュ数: 390
90回目の取り込み各メッシュ数
40 31 33 43 45 31 48 33 49 37
第1点の移動距離:0.0
第2点の移動距離:0.0
第3点の移動距離:0.0
第4点の移動距離:0.0
第5点の移動距離:0.0
第6点の移動距離:0.0
第7点の移動距離:0.2312247309415013
91回目の母点
13.362862 51.874796
93.785183 16.161465
63.691351 10.472744
42.100490 44.685923
84.908633 84.239683
34.164540 11.217707
52.099179 80.074677
10.091254 16.430318
78.163835 46.095022
12.850820 85.469789
91回目の取り込み総メッシュ数: 390
91回目の取り込み各メッシュ数
40 31 33 43 45 31 48 33 49 37
第1点の移動距離:0.0
第2点の移動距離:0.0
第3点の移動距離:0.0
第4点の移動距離:0.0
第5点の移動距離:0.0
第6点の移動距離:0.0
第7点の移動距離:0.06632686880508112
92回目の母点
13.362862 51.874796
93.785183 16.161465
63.691351 10.472744
42.100490 44.685923
84.908633 84.239683
34.164540 11.217707
52.239822 79.817137
10.091254 16.430318
78.163835 46.095022
13.239486 85.466364
92回目の取り込み総メッシュ数: 388
92回目の取り込み各メッシュ数
40 31 33 43 45 31 47 33 49 36
第1点の移動距離:0.0
第2点の移動距離:0.0
第3点の移動距離:0.0
第4点の移動距離:0.0
第5点の移動距離:0.0
第6点の移動距離:0.0
第7点の移動距離:1.4083501104505283
93回目の母点
13.362862 51.874796
93.785183 16.161465
63.691351 10.472744
42.100490 44.685923
84.908633 84.239683
34.164540 11.217707
51.994178 81.003876
10.091254 16.430318
78.163835 46.095022
13.239486 85.466364
93回目の取り込み総メッシュ数: 390
93回目の取り込み各メッシュ数
40 31 33 43 45 31 49 33 49 36
第1点の移動距離:0.0
第2点の移動距離:0.0
第3点の移動距離:0.0
第4点の移動距離:0.0
第5点の移動距離:0.0
第6点の移動距離:0.0
第7点の移動距離:0.20100957679442766
94回目の母点
13.362862 51.874796
93.785183 16.161465
63.691351 10.472744
42.100490 44.685923
84.908633 84.239683
34.164540 11.217707
52.097836 80.555535
10.091254 16.430318
78.163835 46.095022
13.239486 85.466364
94回目の取り込み総メッシュ数: 389
94回目の取り込み各メッシュ数
40 31 33 43 45 31 48 33 49 36
第1点の移動距離:0.0
第2点の移動距離:0.0
第3点の移動距離:0.0
第4点の移動距離:0.0
第5点の移動距離:0.0
第6点の移動距離:0.0
第7点の移動距離:0.0
第8点の移動距離:0.0
第9点の移動距離:0.0
第10点の移動距離:0.15029414541282488
95回目の母点
13.362862 51.874796
93.785183 16.161465
63.691351 10.472744
42.100490 44.685923
84.908633 84.239683
34.164540 11.217707
52.097836 80.555535
10.091254 16.430318
78.163835 46.095022
13.214343 85.854042
95回目の取り込み総メッシュ数: 391
95回目の取り込み各メッシュ数
40 31 33 43 45 31 48 33 49 38
第1点の移動距離:0.0
第2点の移動距離:0.0
第3点の移動距離:0.0
第4点の移動距離:0.0
第5点の移動距離:0.0
第6点の移動距離:0.0
第7点の移動距離:0.0
第8点の移動距離:0.0
第9点の移動距離:0.0
第10点の移動距離:0.11563971853775426
96回目の母点
13.362862 51.874796
93.785183 16.161465
63.691351 10.472744
42.100490 44.685923
84.908633 84.239683
34.164540 11.217707
52.097836 80.555535
10.091254 16.430318
78.163835 46.095022
13.360589 85.513984
96回目の取り込み総メッシュ数: 390
96回目の取り込み各メッシュ数
40 31 33 43 45 31 48 33 49 37
第1点の移動距離:0.0
第2点の移動距離:0.0
第3点の移動距離:0.0
第4点の移動距離:0.0
第5点の移動距離:0.0
第6点の移動距離:0.0
第7点の移動距離:0.2312247309415013
97回目の母点
13.362862 51.874796
93.785183 16.161465
63.691351 10.472744
42.100490 44.685923
84.908633 84.239683
34.164540 11.217707
52.099179 80.074677
10.091254 16.430318
78.163835 46.095022
12.850820 85.469789
97回目の取り込み総メッシュ数: 390
97回目の取り込み各メッシュ数
40 31 33 43 45 31 48 33 49 37
第1点の移動距離:0.0
第2点の移動距離:0.0
第3点の移動距離:0.0
第4点の移動距離:0.0
第5点の移動距離:0.0
第6点の移動距離:0.0
第7点の移動距離:0.06632686880508112
98回目の母点
13.362862 51.874796
93.785183 16.161465
63.691351 10.472744
42.100490 44.685923
84.908633 84.239683
34.164540 11.217707
52.239822 79.817137
10.091254 16.430318
78.163835 46.095022
13.239486 85.466364
98回目の取り込み総メッシュ数: 388
98回目の取り込み各メッシュ数
40 31 33 43 45 31 47 33 49 36
第1点の移動距離:0.0
第2点の移動距離:0.0
第3点の移動距離:0.0
第4点の移動距離:0.0
第5点の移動距離:0.0
第6点の移動距離:0.0
第7点の移動距離:1.4083501104505283
99回目の母点
13.362862 51.874796
93.785183 16.161465
63.691351 10.472744
42.100490 44.685923
84.908633 84.239683
34.164540 11.217707
51.994178 81.003876
10.091254 16.430318
78.163835 46.095022
13.239486 85.466364
99回目の取り込み総メッシュ数: 390
99回目の取り込み各メッシュ数
40 31 33 43 45 31 49 33 49 36
第1点の移動距離:0.0
第2点の移動距離:0.0
第3点の移動距離:0.0
第4点の移動距離:0.0
第5点の移動距離:0.0
第6点の移動距離:0.0
第7点の移動距離:0.20100957679442766
100回目の母点
13.362862 51.874796
93.785183 16.161465
63.691351 10.472744
42.100490 44.685923
84.908633 84.239683
34.164540 11.217707
52.097836 80.555535
10.091254 16.430318
78.163835 46.095022
13.239486 85.466364
100回目の取り込み総メッシュ数: 389
100回目の取り込み各メッシュ数
40 31 33 43 45 31 48 33 49 36
第1点の移動距離:0.0
第2点の移動距離:0.0
第3点の移動距離:0.0
第4点の移動距離:0.0
第5点の移動距離:0.0
第6点の移動距離:0.0
第7点の移動距離:0.0
第8点の移動距離:0.0
第9点の移動距離:0.0
第10点の移動距離:0.15029414541282488
101回目の母点or最適点
13.362862 51.874796
93.785183 16.161465
63.691351 10.472744
42.100490 44.685923
84.908633 84.239683
34.164540 11.217707
52.097836 80.555535
10.091254 16.430318
78.163835 46.095022
13.214343 85.854042
101回目の取り込み総メッシュ数: 391
101回目の取り込み各メッシュ数
40 31 33 43 45 31 48 33 49 38

cost record
153.840391
131.960250
129.109744
128.077271
127.322249
127.037850
125.683191
125.273290
125.469626
125.083062
125.199906
125.561975
125.664152
125.616606
125.449907
125.120961
125.290869
125.232328
125.066396
124.923939
125.253788
125.139831
125.284371
125.232328
125.066396
124.923939
125.253788
125.139831
125.284371
125.232328
125.066396
124.923939
125.253788
125.139831
125.284371
125.232328
125.066396
124.923939
125.253788
125.139831
125.284371
125.232328
125.066396
124.923939
125.253788
125.139831
125.284371
125.232328
125.066396
124.923939
125.253788
125.139831
125.284371
125.232328
125.066396
124.923939
125.253788
125.139831
125.284371
125.232328
125.066396
124.923939
125.253788
125.139831
125.284371
125.232328
125.066396
124.923939
125.253788
125.139831
125.284371
125.232328
125.066396
124.923939
125.253788
125.139831
125.284371
125.232328
125.066396
124.923939
125.253788
125.139831
125.284371
125.232328
125.066396
124.923939
125.253788
125.139831
125.284371
125.232328
125.066396
124.923939
125.253788
125.139831
125.284371
125.232328
125.066396
124.923939
125.253788
125.139831
125.284371
125.232328
