2024-01-23 18:26:36
初期母点
53.473523 19.419955
10.910294 73.773979
87.850721 24.815982
29.604615 8.975684
54.419028 4.144598
32.032570 34.378109
31.903690 78.792717
11.479823 66.184770
42.460095 14.105311
79.438337 14.985065
取り込んだ総メッシュ数:400
第1点の移動距離:97.91049203469615
1回目の母点
56.982696 29.314929
8.920599 84.106473
87.299991 48.900035
17.266496 10.767287
55.950719 4.070109
28.864503 39.844037
50.913474 81.429563
11.291588 56.674309
41.188518 13.313936
80.037989 11.321660
1回目の取り込み総メッシュ数: 392
1回目の取り込み各メッシュ数
24 23 76 37 14 49 104 29 10 26
第1点の移動距離:27.32398966557617
2回目の母点
58.377704 34.542164
13.002034 85.303731
87.250645 56.960102
11.794020 13.735613
57.468351 5.898776
30.418725 42.918978
55.797271 82.363558
12.441980 56.519847
38.081597 12.160792
84.413933 13.481945
2回目の取り込み総メッシュ数: 392
2回目の取り込み各メッシュ数
32 33 67 36 15 36 81 33 21 38
第1点の移動距離:7.610981180177977
3回目の母点
60.449377 37.300965
15.889582 84.795146
88.145495 62.452858
9.935199 16.300038
58.731276 7.486521
33.765140 46.436760
58.285111 83.962382
12.829277 55.948299
34.388690 11.201532
86.367281 16.106580
3回目の取り込み総メッシュ数: 390
3回目の取り込み各メッシュ数
39 37 61 34 18 34 65 35 26 41
第1点の移動距離:2.8883514520764275
4回目の母点
61.392298 39.000480
17.800188 86.385202
87.686021 66.701126
8.918604 18.527384
59.753151 8.701325
35.775875 49.561156
58.322029 84.901962
12.747340 55.662409
32.396027 11.090490
87.548315 18.843195
4回目の取り込み総メッシュ数: 393
4回目の取り込み各メッシュ数
37 45 57 34 25 34 55 35 28 43
第1点の移動距離:1.0203924125270711
5回目の母点
63.100686 40.010624
18.631871 85.176515
88.352734 69.594058
8.616308 19.595110
59.507373 9.311316
36.623061 50.506292
57.939185 85.476128
12.434396 56.608376
31.060402 10.759423
88.196958 20.360990
5回目の取り込み総メッシュ数: 390
5回目の取り込み各メッシュ数
39 43 52 34 28 38 50 33 28 45
第1点の移動距離:0.13924359055298405
6回目の母点
63.928262 39.637471
18.074048 86.580610
88.226077 71.555939
8.221807 20.813636
59.561618 9.285334
37.460319 51.005249
56.781347 85.122345
12.147060 57.060972
29.879379 10.659307
88.212239 20.394628
6回目の取り込み総メッシュ数: 392
6回目の取り込み各メッシュ数
39 44 54 34 29 38 47 33 30 44
第1点の移動距離:0.26761006636520307
7回目の母点
64.533909 40.154781
18.908873 85.551236
88.159168 72.766222
8.568354 21.676923
59.452870 9.437223
37.560506 51.287894
56.762526 83.038707
11.792295 57.917658
29.505517 9.843718
88.212239 20.394628
7回目の取り込み総メッシュ数: 386
7回目の取り込み各メッシュ数
39 39 56 35 30 38 41 34 30 44
第1点の移動距離:1.8273652840920556
8回目の母点
65.470024 41.506582
19.334667 86.184481
88.691629 73.457012
8.515831 22.258416
59.119162 10.262950
37.601677 51.046045
56.500804 84.271481
11.792295 57.917658
28.949615 9.555395
88.212239 20.394628
8回目の取り込み総メッシュ数: 391
8回目の取り込み各メッシュ数
38 42 55 34 31 38 44 34 31 44
第1点の移動距離:2.6238830744148993
9回目の母点
66.138920 43.126422
19.533577 85.872499
88.963603 73.109535
8.365804 22.500404
59.071200 10.891757
37.601677 51.046045
55.473967 84.800792
11.792295 57.917658
28.665492 9.576357
88.212239 20.394628
9回目の取り込み総メッシュ数: 389
9回目の取り込み各メッシュ数
40 41 52 33 32 38 43 34 32 44
第1点の移動距離:3.297071740761954
10回目の母点
67.121825 44.942206
18.785036 87.021785
89.054563 73.501421
8.365804 22.500404
59.189260 11.546137
37.952393 50.346996
56.393442 84.050622
11.792295 57.917658
28.665492 9.576357
88.196958 20.360990
10回目の取り込み総メッシュ数: 388
10回目の取り込み各メッシュ数
40 43 51 33 32 39 39 34 32 45
第1点の移動距離:1.4270869985855397
11回目の母点
67.358622 46.136814
18.966049 87.514870
89.339985 74.389749
8.365804 22.500404
60.432300 12.506091
37.952393 50.346996
55.568789 85.892751
11.792295 57.917658
28.665492 9.576357
88.819156 20.556983
11回目の取り込み総メッシュ数: 393
11回目の取り込み各メッシュ数
40 43 50 33 34 39 44 34 32 44
第1点の移動距離:1.9901008748886517
12回目の母点
68.725500 47.547523
19.708329 86.405495
89.881048 74.253705
8.365804 22.500404
60.120911 13.335464
37.952393 50.346996
56.115924 85.367188
11.742911 58.532687
28.665492 9.576357
88.836165 20.592403
12回目の取り込み総メッシュ数: 388
12回目の取り込み各メッシュ数
41 39 47 33 36 39 43 35 32 43
第1点の移動距離:0.5641750760640938
13回目の母点
71.013321 48.298639
19.586356 86.135721
89.870679 75.465670
8.365804 22.500404
60.023610 13.847400
38.864473 49.993277
56.161020 85.697459
11.733911 58.548568
28.665492 9.576357
88.806796 20.150073
13回目の取り込み総メッシュ数: 391
13回目の取り込み各メッシュ数
41 40 47 33 36 42 43 34 32 43
第1点の移動距離:0.44667048798971765
14回目の母点
72.242772 48.966973
18.835870 87.517024
89.871199 75.581372
8.365804 22.500404
60.061083 14.059398
39.350839 49.657137
55.327219 85.485946
12.182744 58.513432
28.665492 9.576357
88.806796 20.150073
14回目の取り込み総メッシュ数: 390
14回目の取り込み各メッシュ数
41 42 45 33 37 41 40 36 32 43
第1点の移動距離:0.01811691800691876
15回目の母点
73.493985 48.832374
18.321346 87.611109
89.588122 77.584376
8.365804 22.500404
60.061083 14.059398
39.350839 49.657137
55.112726 83.221696
12.182744 58.513432
28.665492 9.576357
88.952650 19.620383
15回目の取り込み総メッシュ数: 388
15回目の取り込み各メッシュ数
44 39 45 33 37 41 39 36 32 42
第1点の移動距離:0.13207236235852646
16回目の母点
75.469985 48.468957
18.052504 87.617819
89.461882 77.702117
8.365804 22.500404
60.099140 14.078934
39.350839 49.657137
54.585513 83.957825
12.182744 58.513432
28.665492 9.576357
88.807328 18.896265
16回目の取り込み総メッシュ数: 390
16回目の取り込み各メッシュ数
45 39 42 33 38 41 44 36 32 40
第1点の移動距離:0.007861394688613849
17回目の母点
75.811759 48.380292
18.310161 86.960756
89.416003 78.668663
8.365804 22.500404
60.099140 14.078934
39.350839 49.657137
54.552705 84.652888
12.182744 58.513432
28.665492 9.576357
88.643737 18.557046
17回目の取り込み総メッシュ数: 391
17回目の取り込み各メッシュ数
46 37 44 33 38 41 45 36 32 39
第1点の移動距離:0.0006220997479013135
18回目の母点
76.228557 48.355350
18.506491 86.631870
89.255619 79.310986
8.365804 22.500404
60.061083 14.059398
39.350839 49.657137
54.259279 84.711145
12.182744 58.513432
28.665492 9.576357
88.592029 18.310183
18回目の取り込み総メッシュ数: 392
18回目の取り込み各メッシュ数
48 36 44 33 37 41 46 36 32 39
第1点の移動距離:0.10579194664593648
19回目の母点
77.443144 48.680607
17.056804 86.409672
89.604188 78.835007
8.365804 22.500404
60.061083 14.059398
40.267708 50.005816
54.687551 84.767603
12.247872 57.916939
28.665492 9.576357
88.592029 18.310183
19回目の取り込み総メッシュ数: 389
19回目の取り込み各メッシュ数
48 37 41 33 37 43 44 35 32 39
第1点の移動距離:0.32896881651403104
20回目の母点
79.066096 49.254165
16.333628 86.775051
89.604188 78.835007
8.365804 22.500404
60.061083 14.059398
41.455238 49.325089
53.992959 85.224455
12.247872 57.916939
28.665492 9.576357
88.592029 18.310183
20回目の取り込み総メッシュ数: 390
20回目の取り込み各メッシュ数
44 37 41 33 37 46 46 35 32 39
第1点の移動距離:0.47565564820066064
21回目の母点
79.638882 49.943843
16.138464 85.850098
89.371992 80.254517
8.365804 22.500404
60.253924 14.463524
42.269490 49.562952
53.194210 85.436458
13.130503 56.920761
28.665492 9.576357
88.592029 18.310183
21回目の取り込み総メッシュ数: 391
21回目の取り込み各メッシュ数
45 38 41 33 38 46 44 35 32 39
第1点の移動距離:0.5058259929035552
22回目の母点
80.036701 50.655057
15.763049 85.153867
89.279564 81.510240
8.365804 22.500404
60.290579 14.481508
42.269490 49.562952
52.830527 84.443879
13.405907 56.569159
28.665492 9.576357
88.632197 18.302794
22回目の取り込み総メッシュ数: 387
22回目の取り込み各メッシュ数
47 38 40 33 39 46 40 34 32 38
第1点の移動距離:0.3570349282790196
23回目の母点
80.235681 51.252581
16.129008 85.668717
89.082773 81.061114
8.365804 22.500404
60.290579 14.481508
42.885343 49.647666
53.001356 85.209635
14.035088 56.120749
28.665492 9.576357
88.166052 18.716803
23回目の取り込み総メッシュ数: 391
23回目の取り込み各メッシュ数
46 39 41 33 39 45 42 35 32 39
第1点の移動距離:0.014207832238407256
24回目の母点
80.380868 51.371778
15.734138 85.955528
89.103727 80.926605
8.365804 22.500404
60.253924 14.463524
43.112327 49.270778
52.368185 85.299675
14.460432 56.418965
28.665492 9.576357
88.128348 18.722885
24回目の取り込み総メッシュ数: 392
24回目の取り込み各メッシュ数
47 40 39 33 38 44 43 36 32 40
第1点の移動距離:0.0
第2点の移動距離:1.3464851594689122
25回目の母点
80.380868 51.371778
15.889582 84.795146
89.103727 80.926605
8.365804 22.500404
60.253924 14.463524
43.112327 49.270778
52.566619 85.827496
14.460432 56.418965
28.665492 9.576357
88.128348 18.722885
25回目の取り込み総メッシュ数: 390
25回目の取り込み各メッシュ数
47 37 39 33 38 44 44 36 32 40
第1点の移動距離:0.0
第2点の移動距離:1.076536086486636
26回目の母点
80.380868 51.371778
16.422335 85.832709
89.032444 82.174237
8.365804 22.500404
60.253924 14.463524
43.112327 49.270778
52.950731 86.341488
14.460432 56.418965
28.665492 9.576357
88.128348 18.722885
26回目の取り込み総メッシュ数: 395
26回目の取り込み各メッシュ数
47 39 41 33 38 44 45 36 32 40
第1点の移動距離:0.0
第2点の移動距離:0.014794664874712093
27回目の母点
80.380868 51.371778
15.458350 85.711076
89.103727 80.926605
8.365804 22.500404
60.253924 14.463524
43.112327 49.270778
52.368185 85.299675
14.460432 56.418965
28.665492 9.576357
88.128348 18.722885
27回目の取り込み総メッシュ数: 391
27回目の取り込み各メッシュ数
47 39 39 33 38 44 43 36 32 40
第1点の移動距離:0.0
第2点の移動距離:0.14163949580760007
28回目の母点
80.380868 51.371778
16.259580 85.334725
89.103727 80.926605
8.365804 22.500404
60.253924 14.463524
43.112327 49.270778
52.566619 85.827496
14.460432 56.418965
28.665492 9.576357
88.128348 18.722885
28回目の取り込み総メッシュ数: 391
28回目の取り込み各メッシュ数
47 38 39 33 38 44 44 36 32 40
第1点の移動距離:0.0
第2点の移動距離:0.03270983799656539
29回目の母点
80.380868 51.371778
15.763049 85.153867
89.032444 82.174237
8.365804 22.500404
60.253924 14.463524
43.112327 49.270778
53.148336 85.832998
14.460432 56.418965
28.665492 9.576357
88.128348 18.722885
29回目の取り込み総メッシュ数: 392
29回目の取り込み各メッシュ数
47 38 41 33 38 44 43 36 32 40
第1点の移動距離:0.0
第2点の移動距離:0.23141234051868226
30回目の母点
80.380868 51.371778
15.853023 85.634920
89.103727 80.926605
8.365804 22.500404
60.253924 14.463524
43.112327 49.270778
52.830527 84.443879
14.460432 56.418965
28.665492 9.576357
88.128348 18.722885
30回目の取り込み総メッシュ数: 388
30回目の取り込み各メッシュ数
47 39 39 33 38 44 40 36 32 40
第1点の移動距離:0.0
第2点の移動距離:0.0
第3点の移動距離:1.556584348716829
31回目の母点
80.380868 51.371778
15.853023 85.634920
89.032444 82.174237
8.365804 22.500404
60.253924 14.463524
43.112327 49.270778
52.950731 86.341488
14.460432 56.418965
28.665492 9.576357
88.128348 18.722885
31回目の取り込み総メッシュ数: 395
31回目の取り込み各メッシュ数
47 39 41 33 38 44 45 36 32 40
第1点の移動距離:0.0
第2点の移動距離:0.0011422376668641435
32回目の母点
80.380868 51.371778
16.129008 85.668717
89.103727 80.926605
8.365804 22.500404
60.253924 14.463524
43.112327 49.270778
53.320889 83.732650
14.460432 56.418965
28.665492 9.576357
88.128348 18.722885
32回目の取り込み総メッシュ数: 387
32回目の取り込み各メッシュ数
47 39 39 33 38 44 39 36 32 40
第1点の移動距離:0.0
第2点の移動距離:0.2650709058944148
33回目の母点
80.380868 51.371778
15.763049 85.153867
89.121539 81.844869
8.365804 22.500404
60.253924 14.463524
43.123976 49.049263
53.175032 83.533526
14.460432 56.418965
28.665492 9.576357
88.128348 18.722885
33回目の取り込み総メッシュ数: 387
33回目の取り込み各メッシュ数
47 38 40 33 38 43 40 36 32 40
第1点の移動距離:0.0
第2点の移動距離:0.0025487136121537675
34回目の母点
80.380868 51.371778
15.259962 85.204352
89.010551 81.289800
8.365804 22.500404
60.253924 14.463524
43.123976 49.049263
53.137798 84.762701
14.460432 56.418965
28.665492 9.576357
88.128348 18.722885
34回目の取り込み総メッシュ数: 389
34回目の取り込み各メッシュ数
47 38 40 33 38 43 42 36 32 40
第1点の移動距離:0.0
第2点の移動距離:0.030529379492190745
35回目の母点
80.380868 51.371778
15.572944 85.379078
89.010551 81.289800
8.365804 22.500404
60.253924 14.463524
43.112327 49.270778
53.159100 86.330686
14.460432 56.418965
28.665492 9.576357
88.128348 18.722885
35回目の取り込み総メッシュ数: 392
35回目の取り込み各メッシュ数
47 38 40 33 38 44 44 36 32 40
第1点の移動距離:0.0
第2点の移動距離:0.001967167109502247
36回目の母点
80.380868 51.371778
16.259580 85.334725
89.121539 81.844869
8.365804 22.500404
60.253924 14.463524
43.112327 49.270778
52.773796 85.824437
14.460432 56.418965
28.665492 9.576357
88.128348 18.722885
36回目の取り込み総メッシュ数: 391
36回目の取り込み各メッシュ数
47 38 40 33 38 44 43 36 32 40
第1点の移動距離:0.0
第2点の移動距離:0.14163949580760007
37回目の母点
80.380868 51.371778
15.458350 85.711076
89.121539 81.844869
8.365804 22.500404
60.253924 14.463524
43.112327 49.270778
52.368185 85.299675
14.460432 56.418965
28.665492 9.576357
88.128348 18.722885
37回目の取り込み総メッシュ数: 392
37回目の取り込み各メッシュ数
47 39 40 33 38 44 43 36 32 40
第1点の移動距離:0.0
第2点の移動距離:0.14163949580760007
38回目の母点
80.380868 51.371778
16.259580 85.334725
89.103727 80.926605
8.365804 22.500404
60.253924 14.463524
43.112327 49.270778
52.368185 85.299675
14.460432 56.418965
28.665492 9.576357
88.128348 18.722885
38回目の取り込み総メッシュ数: 390
38回目の取り込み各メッシュ数
47 38 39 33 38 44 43 36 32 40
第1点の移動距離:0.0
第2点の移動距離:0.0901168892994066
39回目の母点
80.380868 51.371778
15.853023 85.634920
89.103727 80.926605
8.365804 22.500404
60.253924 14.463524
43.112327 49.270778
52.626779 85.024157
14.460432 56.418965
28.665492 9.576357
88.128348 18.722885
39回目の取り込み総メッシュ数: 389
39回目の取り込み各メッシュ数
47 39 39 33 38 44 41 36 32 40
第1点の移動距離:0.0
第2点の移動距離:0.03912040915328697
40回目の母点
80.380868 51.371778
16.422335 85.832709
89.103727 80.926605
8.365804 22.500404
60.253924 14.463524
43.112327 49.270778
52.810859 84.633854
14.460432 56.418965
28.665492 9.576357
88.128348 18.722885
40回目の取り込み総メッシュ数: 389
40回目の取り込み各メッシュ数
47 39 39 33 38 44 41 36 32 40
第1点の移動距離:0.0
第2点の移動距離:0.015084482594021101
41回目の母点
80.380868 51.371778
15.734138 85.955528
89.010551 81.289800
8.365804 22.500404
60.253924 14.463524
43.112327 49.270778
53.159100 86.330686
14.460432 56.418965
28.665492 9.576357
88.128348 18.722885
41回目の取り込み総メッシュ数: 394
41回目の取り込み各メッシュ数
47 40 40 33 38 44 44 36 32 40
第1点の移動距離:0.0
第2点の移動距離:0.10278929792639978
42回目の母点
80.380868 51.371778
15.853023 85.634920
89.121539 81.844869
8.365804 22.500404
60.253924 14.463524
43.112327 49.270778
52.970956 85.335123
14.460432 56.418965
28.665492 9.576357
88.128348 18.722885
42回目の取り込み総メッシュ数: 392
42回目の取り込み各メッシュ数
47 39 40 33 38 44 43 36 32 40
第1点の移動距離:0.0
第2点の移動距離:0.06545512622833663
43回目の母点
80.380868 51.371778
15.572944 85.379078
89.121539 81.844869
8.365804 22.500404
60.253924 14.463524
43.112327 49.270778
52.368185 85.299675
14.460432 56.418965
28.665492 9.576357
88.128348 18.722885
43回目の取り込み総メッシュ数: 391
43回目の取り込み各メッシュ数
47 38 40 33 38 44 43 36 32 40
第1点の移動距離:0.0
第2点の移動距離:0.20578089727974783
44回目の母点
80.380868 51.371778
16.422335 85.832709
89.103727 80.926605
8.365804 22.500404
60.253924 14.463524
43.112327 49.270778
52.810859 84.633854
14.460432 56.418965
28.665492 9.576357
88.128348 18.722885
44回目の取り込み総メッシュ数: 389
44回目の取り込み各メッシュ数
47 39 39 33 38 44 41 36 32 40
第1点の移動距離:0.0
第2点の移動距離:0.015084482594021101
45回目の母点
80.380868 51.371778
15.734138 85.955528
89.010551 81.289800
8.365804 22.500404
60.253924 14.463524
43.112327 49.270778
53.159100 86.330686
14.460432 56.418965
28.665492 9.576357
88.128348 18.722885
45回目の取り込み総メッシュ数: 394
45回目の取り込み各メッシュ数
47 40 40 33 38 44 44 36 32 40
第1点の移動距離:0.0
第2点の移動距離:0.10278929792639978
46回目の母点
80.380868 51.371778
15.853023 85.634920
89.121539 81.844869
8.365804 22.500404
60.253924 14.463524
43.112327 49.270778
52.970956 85.335123
14.460432 56.418965
28.665492 9.576357
88.128348 18.722885
46回目の取り込み総メッシュ数: 392
46回目の取り込み各メッシュ数
47 39 40 33 38 44 43 36 32 40
第1点の移動距離:0.0
第2点の移動距離:0.06545512622833663
47回目の母点
80.380868 51.371778
15.572944 85.379078
89.121539 81.844869
8.365804 22.500404
60.253924 14.463524
43.112327 49.270778
52.368185 85.299675
14.460432 56.418965
28.665492 9.576357
88.128348 18.722885
47回目の取り込み総メッシュ数: 391
47回目の取り込み各メッシュ数
47 38 40 33 38 44 43 36 32 40
第1点の移動距離:0.0
第2点の移動距離:0.20578089727974783
48回目の母点
80.380868 51.371778
16.422335 85.832709
89.103727 80.926605
8.365804 22.500404
60.253924 14.463524
43.112327 49.270778
52.810859 84.633854
14.460432 56.418965
28.665492 9.576357
88.128348 18.722885
48回目の取り込み総メッシュ数: 389
48回目の取り込み各メッシュ数
47 39 39 33 38 44 41 36 32 40
第1点の移動距離:0.0
第2点の移動距離:0.015084482594021101
49回目の母点
80.380868 51.371778
15.734138 85.955528
89.010551 81.289800
8.365804 22.500404
60.253924 14.463524
43.112327 49.270778
53.159100 86.330686
14.460432 56.418965
28.665492 9.576357
88.128348 18.722885
49回目の取り込み総メッシュ数: 394
49回目の取り込み各メッシュ数
47 40 40 33 38 44 44 36 32 40
第1点の移動距離:0.0
第2点の移動距離:0.10278929792639978
50回目の母点
80.380868 51.371778
15.853023 85.634920
89.121539 81.844869
8.365804 22.500404
60.253924 14.463524
43.112327 49.270778
52.970956 85.335123
14.460432 56.418965
28.665492 9.576357
88.128348 18.722885
50回目の取り込み総メッシュ数: 392
50回目の取り込み各メッシュ数
47 39 40 33 38 44 43 36 32 40
第1点の移動距離:0.0
第2点の移動距離:0.06545512622833663
51回目の母点
80.380868 51.371778
15.572944 85.379078
89.121539 81.844869
8.365804 22.500404
60.253924 14.463524
43.112327 49.270778
52.368185 85.299675
14.460432 56.418965
28.665492 9.576357
88.128348 18.722885
51回目の取り込み総メッシュ数: 391
51回目の取り込み各メッシュ数
47 38 40 33 38 44 43 36 32 40
第1点の移動距離:0.0
第2点の移動距離:0.20578089727974783
52回目の母点
80.380868 51.371778
16.422335 85.832709
89.103727 80.926605
8.365804 22.500404
60.253924 14.463524
43.112327 49.270778
52.810859 84.633854
14.460432 56.418965
28.665492 9.576357
88.128348 18.722885
52回目の取り込み総メッシュ数: 389
52回目の取り込み各メッシュ数
47 39 39 33 38 44 41 36 32 40
第1点の移動距離:0.0
第2点の移動距離:0.015084482594021101
53回目の母点
80.380868 51.371778
15.734138 85.955528
89.010551 81.289800
8.365804 22.500404
60.253924 14.463524
43.112327 49.270778
53.159100 86.330686
14.460432 56.418965
28.665492 9.576357
88.128348 18.722885
53回目の取り込み総メッシュ数: 394
53回目の取り込み各メッシュ数
47 40 40 33 38 44 44 36 32 40
第1点の移動距離:0.0
第2点の移動距離:0.10278929792639978
54回目の母点
80.380868 51.371778
15.853023 85.634920
89.121539 81.844869
8.365804 22.500404
60.253924 14.463524
43.112327 49.270778
52.970956 85.335123
14.460432 56.418965
28.665492 9.576357
88.128348 18.722885
54回目の取り込み総メッシュ数: 392
54回目の取り込み各メッシュ数
47 39 40 33 38 44 43 36 32 40
第1点の移動距離:0.0
第2点の移動距離:0.06545512622833663
55回目の母点
80.380868 51.371778
15.572944 85.379078
89.121539 81.844869
8.365804 22.500404
60.253924 14.463524
43.112327 49.270778
52.368185 85.299675
14.460432 56.418965
28.665492 9.576357
88.128348 18.722885
55回目の取り込み総メッシュ数: 391
55回目の取り込み各メッシュ数
47 38 40 33 38 44 43 36 32 40
第1点の移動距離:0.0
第2点の移動距離:0.20578089727974783
56回目の母点
80.380868 51.371778
16.422335 85.832709
89.103727 80.926605
8.365804 22.500404
60.253924 14.463524
43.112327 49.270778
52.810859 84.633854
14.460432 56.418965
28.665492 9.576357
88.128348 18.722885
56回目の取り込み総メッシュ数: 389
56回目の取り込み各メッシュ数
47 39 39 33 38 44 41 36 32 40
第1点の移動距離:0.0
第2点の移動距離:0.015084482594021101
57回目の母点
80.380868 51.371778
15.734138 85.955528
89.010551 81.289800
8.365804 22.500404
60.253924 14.463524
43.112327 49.270778
53.159100 86.330686
14.460432 56.418965
28.665492 9.576357
88.128348 18.722885
57回目の取り込み総メッシュ数: 394
57回目の取り込み各メッシュ数
47 40 40 33 38 44 44 36 32 40
第1点の移動距離:0.0
第2点の移動距離:0.10278929792639978
58回目の母点
80.380868 51.371778
15.853023 85.634920
89.121539 81.844869
8.365804 22.500404
60.253924 14.463524
43.112327 49.270778
52.970956 85.335123
14.460432 56.418965
28.665492 9.576357
88.128348 18.722885
58回目の取り込み総メッシュ数: 392
58回目の取り込み各メッシュ数
47 39 40 33 38 44 43 36 32 40
第1点の移動距離:0.0
第2点の移動距離:0.06545512622833663
59回目の母点
80.380868 51.371778
15.572944 85.379078
89.121539 81.844869
8.365804 22.500404
60.253924 14.463524
43.112327 49.270778
52.368185 85.299675
14.460432 56.418965
28.665492 9.576357
88.128348 18.722885
59回目の取り込み総メッシュ数: 391
59回目の取り込み各メッシュ数
47 38 40 33 38 44 43 36 32 40
第1点の移動距離:0.0
第2点の移動距離:0.20578089727974783
60回目の母点
80.380868 51.371778
16.422335 85.832709
89.103727 80.926605
8.365804 22.500404
60.253924 14.463524
43.112327 49.270778
52.810859 84.633854
14.460432 56.418965
28.665492 9.576357
88.128348 18.722885
60回目の取り込み総メッシュ数: 389
60回目の取り込み各メッシュ数
47 39 39 33 38 44 41 36 32 40
第1点の移動距離:0.0
第2点の移動距離:0.015084482594021101
61回目の母点
80.380868 51.371778
15.734138 85.955528
89.010551 81.289800
8.365804 22.500404
60.253924 14.463524
43.112327 49.270778
53.159100 86.330686
14.460432 56.418965
28.665492 9.576357
88.128348 18.722885
61回目の取り込み総メッシュ数: 394
61回目の取り込み各メッシュ数
47 40 40 33 38 44 44 36 32 40
第1点の移動距離:0.0
第2点の移動距離:0.10278929792639978
62回目の母点
80.380868 51.371778
15.853023 85.634920
89.121539 81.844869
8.365804 22.500404
60.253924 14.463524
43.112327 49.270778
52.970956 85.335123
14.460432 56.418965
28.665492 9.576357
88.128348 18.722885
62回目の取り込み総メッシュ数: 392
62回目の取り込み各メッシュ数
47 39 40 33 38 44 43 36 32 40
第1点の移動距離:0.0
第2点の移動距離:0.06545512622833663
63回目の母点
80.380868 51.371778
15.572944 85.379078
89.121539 81.844869
8.365804 22.500404
60.253924 14.463524
43.112327 49.270778
52.368185 85.299675
14.460432 56.418965
28.665492 9.576357
88.128348 18.722885
63回目の取り込み総メッシュ数: 391
63回目の取り込み各メッシュ数
47 38 40 33 38 44 43 36 32 40
第1点の移動距離:0.0
第2点の移動距離:0.20578089727974783
64回目の母点
80.380868 51.371778
16.422335 85.832709
89.103727 80.926605
8.365804 22.500404
60.253924 14.463524
43.112327 49.270778
52.810859 84.633854
14.460432 56.418965
28.665492 9.576357
88.128348 18.722885
64回目の取り込み総メッシュ数: 389
64回目の取り込み各メッシュ数
47 39 39 33 38 44 41 36 32 40
第1点の移動距離:0.0
第2点の移動距離:0.015084482594021101
65回目の母点
80.380868 51.371778
15.734138 85.955528
89.010551 81.289800
8.365804 22.500404
60.253924 14.463524
43.112327 49.270778
53.159100 86.330686
14.460432 56.418965
28.665492 9.576357
88.128348 18.722885
65回目の取り込み総メッシュ数: 394
65回目の取り込み各メッシュ数
47 40 40 33 38 44 44 36 32 40
第1点の移動距離:0.0
第2点の移動距離:0.10278929792639978
66回目の母点
80.380868 51.371778
15.853023 85.634920
89.121539 81.844869
8.365804 22.500404
60.253924 14.463524
43.112327 49.270778
52.970956 85.335123
14.460432 56.418965
28.665492 9.576357
88.128348 18.722885
66回目の取り込み総メッシュ数: 392
66回目の取り込み各メッシュ数
47 39 40 33 38 44 43 36 32 40
第1点の移動距離:0.0
第2点の移動距離:0.06545512622833663
67回目の母点
80.380868 51.371778
15.572944 85.379078
89.121539 81.844869
8.365804 22.500404
60.253924 14.463524
43.112327 49.270778
52.368185 85.299675
14.460432 56.418965
28.665492 9.576357
88.128348 18.722885
67回目の取り込み総メッシュ数: 391
67回目の取り込み各メッシュ数
47 38 40 33 38 44 43 36 32 40
第1点の移動距離:0.0
第2点の移動距離:0.20578089727974783
68回目の母点
80.380868 51.371778
16.422335 85.832709
89.103727 80.926605
8.365804 22.500404
60.253924 14.463524
43.112327 49.270778
52.810859 84.633854
14.460432 56.418965
28.665492 9.576357
88.128348 18.722885
68回目の取り込み総メッシュ数: 389
68回目の取り込み各メッシュ数
47 39 39 33 38 44 41 36 32 40
第1点の移動距離:0.0
第2点の移動距離:0.015084482594021101
69回目の母点
80.380868 51.371778
15.734138 85.955528
89.010551 81.289800
8.365804 22.500404
60.253924 14.463524
43.112327 49.270778
53.159100 86.330686
14.460432 56.418965
28.665492 9.576357
88.128348 18.722885
69回目の取り込み総メッシュ数: 394
69回目の取り込み各メッシュ数
47 40 40 33 38 44 44 36 32 40
第1点の移動距離:0.0
第2点の移動距離:0.10278929792639978
70回目の母点
80.380868 51.371778
15.853023 85.634920
89.121539 81.844869
8.365804 22.500404
60.253924 14.463524
43.112327 49.270778
52.970956 85.335123
14.460432 56.418965
28.665492 9.576357
88.128348 18.722885
70回目の取り込み総メッシュ数: 392
70回目の取り込み各メッシュ数
47 39 40 33 38 44 43 36 32 40
第1点の移動距離:0.0
第2点の移動距離:0.06545512622833663
71回目の母点
80.380868 51.371778
15.572944 85.379078
89.121539 81.844869
8.365804 22.500404
60.253924 14.463524
43.112327 49.270778
52.368185 85.299675
14.460432 56.418965
28.665492 9.576357
88.128348 18.722885
71回目の取り込み総メッシュ数: 391
71回目の取り込み各メッシュ数
47 38 40 33 38 44 43 36 32 40
第1点の移動距離:0.0
第2点の移動距離:0.20578089727974783
72回目の母点
80.380868 51.371778
16.422335 85.832709
89.103727 80.926605
8.365804 22.500404
60.253924 14.463524
43.112327 49.270778
52.810859 84.633854
14.460432 56.418965
28.665492 9.576357
88.128348 18.722885
72回目の取り込み総メッシュ数: 389
72回目の取り込み各メッシュ数
47 39 39 33 38 44 41 36 32 40
第1点の移動距離:0.0
第2点の移動距離:0.015084482594021101
73回目の母点
80.380868 51.371778
15.734138 85.955528
89.010551 81.289800
8.365804 22.500404
60.253924 14.463524
43.112327 49.270778
53.159100 86.330686
14.460432 56.418965
28.665492 9.576357
88.128348 18.722885
73回目の取り込み総メッシュ数: 394
73回目の取り込み各メッシュ数
47 40 40 33 38 44 44 36 32 40
第1点の移動距離:0.0
第2点の移動距離:0.10278929792639978
74回目の母点
80.380868 51.371778
15.853023 85.634920
89.121539 81.844869
8.365804 22.500404
60.253924 14.463524
43.112327 49.270778
52.970956 85.335123
14.460432 56.418965
28.665492 9.576357
88.128348 18.722885
74回目の取り込み総メッシュ数: 392
74回目の取り込み各メッシュ数
47 39 40 33 38 44 43 36 32 40
第1点の移動距離:0.0
第2点の移動距離:0.06545512622833663
75回目の母点
80.380868 51.371778
15.572944 85.379078
89.121539 81.844869
8.365804 22.500404
60.253924 14.463524
43.112327 49.270778
52.368185 85.299675
14.460432 56.418965
28.665492 9.576357
88.128348 18.722885
75回目の取り込み総メッシュ数: 391
75回目の取り込み各メッシュ数
47 38 40 33 38 44 43 36 32 40
第1点の移動距離:0.0
第2点の移動距離:0.20578089727974783
76回目の母点
80.380868 51.371778
16.422335 85.832709
89.103727 80.926605
8.365804 22.500404
60.253924 14.463524
43.112327 49.270778
52.810859 84.633854
14.460432 56.418965
28.665492 9.576357
88.128348 18.722885
76回目の取り込み総メッシュ数: 389
76回目の取り込み各メッシュ数
47 39 39 33 38 44 41 36 32 40
第1点の移動距離:0.0
第2点の移動距離:0.015084482594021101
77回目の母点
80.380868 51.371778
15.734138 85.955528
89.010551 81.289800
8.365804 22.500404
60.253924 14.463524
43.112327 49.270778
53.159100 86.330686
14.460432 56.418965
28.665492 9.576357
88.128348 18.722885
77回目の取り込み総メッシュ数: 394
77回目の取り込み各メッシュ数
47 40 40 33 38 44 44 36 32 40
第1点の移動距離:0.0
第2点の移動距離:0.10278929792639978
78回目の母点
80.380868 51.371778
15.853023 85.634920
89.121539 81.844869
8.365804 22.500404
60.253924 14.463524
43.112327 49.270778
52.970956 85.335123
14.460432 56.418965
28.665492 9.576357
88.128348 18.722885
78回目の取り込み総メッシュ数: 392
78回目の取り込み各メッシュ数
47 39 40 33 38 44 43 36 32 40
第1点の移動距離:0.0
第2点の移動距離:0.06545512622833663
79回目の母点
80.380868 51.371778
15.572944 85.379078
89.121539 81.844869
8.365804 22.500404
60.253924 14.463524
43.112327 49.270778
52.368185 85.299675
14.460432 56.418965
28.665492 9.576357
88.128348 18.722885
79回目の取り込み総メッシュ数: 391
79回目の取り込み各メッシュ数
47 38 40 33 38 44 43 36 32 40
第1点の移動距離:0.0
第2点の移動距離:0.20578089727974783
80回目の母点
80.380868 51.371778
16.422335 85.832709
89.103727 80.926605
8.365804 22.500404
60.253924 14.463524
43.112327 49.270778
52.810859 84.633854
14.460432 56.418965
28.665492 9.576357
88.128348 18.722885
80回目の取り込み総メッシュ数: 389
80回目の取り込み各メッシュ数
47 39 39 33 38 44 41 36 32 40
第1点の移動距離:0.0
第2点の移動距離:0.015084482594021101
81回目の母点
80.380868 51.371778
15.734138 85.955528
89.010551 81.289800
8.365804 22.500404
60.253924 14.463524
43.112327 49.270778
53.159100 86.330686
14.460432 56.418965
28.665492 9.576357
88.128348 18.722885
81回目の取り込み総メッシュ数: 394
81回目の取り込み各メッシュ数
47 40 40 33 38 44 44 36 32 40
第1点の移動距離:0.0
第2点の移動距離:0.10278929792639978
82回目の母点
80.380868 51.371778
15.853023 85.634920
89.121539 81.844869
8.365804 22.500404
60.253924 14.463524
43.112327 49.270778
52.970956 85.335123
14.460432 56.418965
28.665492 9.576357
88.128348 18.722885
82回目の取り込み総メッシュ数: 392
82回目の取り込み各メッシュ数
47 39 40 33 38 44 43 36 32 40
第1点の移動距離:0.0
第2点の移動距離:0.06545512622833663
83回目の母点
80.380868 51.371778
15.572944 85.379078
89.121539 81.844869
8.365804 22.500404
60.253924 14.463524
43.112327 49.270778
52.368185 85.299675
14.460432 56.418965
28.665492 9.576357
88.128348 18.722885
83回目の取り込み総メッシュ数: 391
83回目の取り込み各メッシュ数
47 38 40 33 38 44 43 36 32 40
第1点の移動距離:0.0
第2点の移動距離:0.20578089727974783
84回目の母点
80.380868 51.371778
16.422335 85.832709
89.103727 80.926605
8.365804 22.500404
60.253924 14.463524
43.112327 49.270778
52.810859 84.633854
14.460432 56.418965
28.665492 9.576357
88.128348 18.722885
84回目の取り込み総メッシュ数: 389
84回目の取り込み各メッシュ数
47 39 39 33 38 44 41 36 32 40
第1点の移動距離:0.0
第2点の移動距離:0.015084482594021101
85回目の母点
80.380868 51.371778
15.734138 85.955528
89.010551 81.289800
8.365804 22.500404
60.253924 14.463524
43.112327 49.270778
53.159100 86.330686
14.460432 56.418965
28.665492 9.576357
88.128348 18.722885
85回目の取り込み総メッシュ数: 394
85回目の取り込み各メッシュ数
47 40 40 33 38 44 44 36 32 40
第1点の移動距離:0.0
第2点の移動距離:0.10278929792639978
86回目の母点
80.380868 51.371778
15.853023 85.634920
89.121539 81.844869
8.365804 22.500404
60.253924 14.463524
43.112327 49.270778
52.970956 85.335123
14.460432 56.418965
28.665492 9.576357
88.128348 18.722885
86回目の取り込み総メッシュ数: 392
86回目の取り込み各メッシュ数
47 39 40 33 38 44 43 36 32 40
第1点の移動距離:0.0
第2点の移動距離:0.06545512622833663
87回目の母点
80.380868 51.371778
15.572944 85.379078
89.121539 81.844869
8.365804 22.500404
60.253924 14.463524
43.112327 49.270778
52.368185 85.299675
14.460432 56.418965
28.665492 9.576357
88.128348 18.722885
87回目の取り込み総メッシュ数: 391
87回目の取り込み各メッシュ数
47 38 40 33 38 44 43 36 32 40
第1点の移動距離:0.0
第2点の移動距離:0.20578089727974783
88回目の母点
80.380868 51.371778
16.422335 85.832709
89.103727 80.926605
8.365804 22.500404
60.253924 14.463524
43.112327 49.270778
52.810859 84.633854
14.460432 56.418965
28.665492 9.576357
88.128348 18.722885
88回目の取り込み総メッシュ数: 389
88回目の取り込み各メッシュ数
47 39 39 33 38 44 41 36 32 40
第1点の移動距離:0.0
第2点の移動距離:0.015084482594021101
89回目の母点
80.380868 51.371778
15.734138 85.955528
89.010551 81.289800
8.365804 22.500404
60.253924 14.463524
43.112327 49.270778
53.159100 86.330686
14.460432 56.418965
28.665492 9.576357
88.128348 18.722885
89回目の取り込み総メッシュ数: 394
89回目の取り込み各メッシュ数
47 40 40 33 38 44 44 36 32 40
第1点の移動距離:0.0
第2点の移動距離:0.10278929792639978
90回目の母点
80.380868 51.371778
15.853023 85.634920
89.121539 81.844869
8.365804 22.500404
60.253924 14.463524
43.112327 49.270778
52.970956 85.335123
14.460432 56.418965
28.665492 9.576357
88.128348 18.722885
90回目の取り込み総メッシュ数: 392
90回目の取り込み各メッシュ数
47 39 40 33 38 44 43 36 32 40
第1点の移動距離:0.0
第2点の移動距離:0.06545512622833663
91回目の母点
80.380868 51.371778
15.572944 85.379078
89.121539 81.844869
8.365804 22.500404
60.253924 14.463524
43.112327 49.270778
52.368185 85.299675
14.460432 56.418965
28.665492 9.576357
88.128348 18.722885
91回目の取り込み総メッシュ数: 391
91回目の取り込み各メッシュ数
47 38 40 33 38 44 43 36 32 40
第1点の移動距離:0.0
第2点の移動距離:0.20578089727974783
92回目の母点
80.380868 51.371778
16.422335 85.832709
89.103727 80.926605
8.365804 22.500404
60.253924 14.463524
43.112327 49.270778
52.810859 84.633854
14.460432 56.418965
28.665492 9.576357
88.128348 18.722885
92回目の取り込み総メッシュ数: 389
92回目の取り込み各メッシュ数
47 39 39 33 38 44 41 36 32 40
第1点の移動距離:0.0
第2点の移動距離:0.015084482594021101
93回目の母点
80.380868 51.371778
15.734138 85.955528
89.010551 81.289800
8.365804 22.500404
60.253924 14.463524
43.112327 49.270778
53.159100 86.330686
14.460432 56.418965
28.665492 9.576357
88.128348 18.722885
93回目の取り込み総メッシュ数: 394
93回目の取り込み各メッシュ数
47 40 40 33 38 44 44 36 32 40
第1点の移動距離:0.0
第2点の移動距離:0.10278929792639978
94回目の母点
80.380868 51.371778
15.853023 85.634920
89.121539 81.844869
8.365804 22.500404
60.253924 14.463524
43.112327 49.270778
52.970956 85.335123
14.460432 56.418965
28.665492 9.576357
88.128348 18.722885
94回目の取り込み総メッシュ数: 392
94回目の取り込み各メッシュ数
47 39 40 33 38 44 43 36 32 40
第1点の移動距離:0.0
第2点の移動距離:0.06545512622833663
95回目の母点
80.380868 51.371778
15.572944 85.379078
89.121539 81.844869
8.365804 22.500404
60.253924 14.463524
43.112327 49.270778
52.368185 85.299675
14.460432 56.418965
28.665492 9.576357
88.128348 18.722885
95回目の取り込み総メッシュ数: 391
95回目の取り込み各メッシュ数
47 38 40 33 38 44 43 36 32 40
第1点の移動距離:0.0
第2点の移動距離:0.20578089727974783
96回目の母点
80.380868 51.371778
16.422335 85.832709
89.103727 80.926605
8.365804 22.500404
60.253924 14.463524
43.112327 49.270778
52.810859 84.633854
14.460432 56.418965
28.665492 9.576357
88.128348 18.722885
96回目の取り込み総メッシュ数: 389
96回目の取り込み各メッシュ数
47 39 39 33 38 44 41 36 32 40
第1点の移動距離:0.0
第2点の移動距離:0.015084482594021101
97回目の母点
80.380868 51.371778
15.734138 85.955528
89.010551 81.289800
8.365804 22.500404
60.253924 14.463524
43.112327 49.270778
53.159100 86.330686
14.460432 56.418965
28.665492 9.576357
88.128348 18.722885
97回目の取り込み総メッシュ数: 394
97回目の取り込み各メッシュ数
47 40 40 33 38 44 44 36 32 40
第1点の移動距離:0.0
第2点の移動距離:0.10278929792639978
98回目の母点
80.380868 51.371778
15.853023 85.634920
89.121539 81.844869
8.365804 22.500404
60.253924 14.463524
43.112327 49.270778
52.970956 85.335123
14.460432 56.418965
28.665492 9.576357
88.128348 18.722885
98回目の取り込み総メッシュ数: 392
98回目の取り込み各メッシュ数
47 39 40 33 38 44 43 36 32 40
第1点の移動距離:0.0
第2点の移動距離:0.06545512622833663
99回目の母点
80.380868 51.371778
15.572944 85.379078
89.121539 81.844869
8.365804 22.500404
60.253924 14.463524
43.112327 49.270778
52.368185 85.299675
14.460432 56.418965
28.665492 9.576357
88.128348 18.722885
99回目の取り込み総メッシュ数: 391
99回目の取り込み各メッシュ数
47 38 40 33 38 44 43 36 32 40
第1点の移動距離:0.0
第2点の移動距離:0.20578089727974783
100回目の母点
80.380868 51.371778
16.422335 85.832709
89.103727 80.926605
8.365804 22.500404
60.253924 14.463524
43.112327 49.270778
52.810859 84.633854
14.460432 56.418965
28.665492 9.576357
88.128348 18.722885
100回目の取り込み総メッシュ数: 389
100回目の取り込み各メッシュ数
47 39 39 33 38 44 41 36 32 40
第1点の移動距離:0.0
第2点の移動距離:0.015084482594021101
101回目の母点or最適点
80.380868 51.371778
15.734138 85.955528
89.010551 81.289800
8.365804 22.500404
60.253924 14.463524
43.112327 49.270778
53.159100 86.330686
14.460432 56.418965
28.665492 9.576357
88.128348 18.722885
101回目の取り込み総メッシュ数: 394
101回目の取り込み各メッシュ数
47 40 40 33 38 44 44 36 32 40

cost record
3635.716570
2161.945268
1994.885739
1915.138955
1851.326264
1852.627457
1817.166652
1843.243808
1822.040767
1811.723017
1848.046438
1821.931382
1832.288558
1815.713356
1807.365412
1800.698348
1805.732390
1808.170455
1799.956018
1786.310089
1790.458010
1757.488262
1765.098057
1770.914857
1759.026731
1783.864903
1768.883992
1764.174415
1775.692930
1764.307807
1791.350616
1753.865214
1750.141478
1760.187192
1781.626070
1775.639614
1774.389357
1762.648764
1764.201022
1756.746889
1788.758402
1781.650510
1772.328857
1758.607478
1788.758402
1781.650510
1772.328857
1758.607478
1788.758402
1781.650510
1772.328857
1758.607478
1788.758402
1781.650510
1772.328857
1758.607478
1788.758402
1781.650510
1772.328857
1758.607478
1788.758402
1781.650510
1772.328857
1758.607478
1788.758402
1781.650510
1772.328857
1758.607478
1788.758402
1781.650510
1772.328857
1758.607478
1788.758402
1781.650510
1772.328857
1758.607478
1788.758402
1781.650510
1772.328857
1758.607478
1788.758402
1781.650510
1772.328857
1758.607478
1788.758402
1781.650510
1772.328857
1758.607478
1788.758402
1781.650510
1772.328857
1758.607478
1788.758402
1781.650510
1772.328857
1758.607478
1788.758402
1781.650510
1772.328857
1758.607478
1788.758402
1781.650510
