2024-01-23 06:58:13
初期母点
139.753595 35.694003
139.771319 35.670648
139.751599 35.658068
139.703549 35.693840
139.752210 35.708067
139.790859 35.712736
139.801658 35.710063
139.805017 35.649154
139.734841 35.609226
139.688014 35.621250
139.716051 35.561206
139.656270 35.646096
139.698710 35.664596
139.664468 35.706927
139.636288 35.699493
139.716051 35.732128
139.733480 35.752693
139.781287 35.737529
139.709335 35.774143
139.651657 35.748360
139.804780 35.775664
139.847870 35.743689
139.902072 35.706912
取り込んだ総メッシュ数:10209
第1点の移動距離:3.2342946675826582e-06
1回目の母点
139.743257 35.692205
139.781667 35.670198
139.781652 35.670179
139.770312 35.648958
139.767188 35.653125
139.739860 35.650981
139.704785 35.699072
139.749164 35.715298
139.804184 35.681100
139.817454 35.701119
139.818061 35.665965
139.728116 35.608475
139.698710 35.664596
139.782292 35.566088
139.636288 35.699493
139.688386 35.614593
139.660936 35.622499
139.641469 35.642975
139.675628 35.690335
139.668544 35.705575
139.615979 35.700975
139.710613 35.733011
139.739194 35.755650
1回目の取り込み総メッシュ数: 8171
1回目の取り込み各メッシュ数
148 183 185 1 1 227 242 174 1259 354 471 316 0 18 0 445 1337 696 561 274 736 254 289
第1点の移動距離:9.928917124457433e-06
2回目の母点
139.735915 35.695356
139.783747 35.680636
139.782438 35.663266
139.788059 35.643282
139.767188 35.653125
139.792188 35.646877
139.776734 35.655149
139.754724 35.638577
139.804184 35.681100
139.768981 35.656355
139.734909 35.648192
139.707250 35.702362
139.758813 35.722840
139.800248 35.686932
139.842012 35.730338
139.741941 35.605798
139.723777 35.589520
139.693720 35.655754
139.738939 35.554734
139.638769 35.713241
139.615979 35.700975
139.691195 35.603435
139.660019 35.621570
2回目の取り込み総メッシュ数: 6264
2回目の取り込み各メッシュ数
203 97 69 78 0 15 15 4 0 66 230 185 325 133 1649 1073 538 275 307 330 0 407 265
第1点の移動距離:2.5525225927205628e-05
3回目の母点
139.733740 35.700408
139.782292 35.688971
139.782979 35.664880
139.785940 35.636459
139.770310 35.653125
139.770311 35.653125
139.770310 35.653125
139.756309 35.657752
139.857465 35.641551
139.802098 35.652586
139.774660 35.656230
139.750506 35.639422
139.834627 35.676075
139.762976 35.663175
139.728680 35.646728
139.698483 35.728719
139.758223 35.747296
139.803229 35.702567
139.849460 35.738159
139.735519 35.611490
139.719316 35.584126
139.683296 35.658011
139.725878 35.556191
3回目の取り込み総メッシュ数: 6316
3回目の取り込み各メッシュ数
240 137 53 46 15 4 2 20 9 129 18 59 451 59 226 701 1096 181 1651 136 234 406 443
第1点の移動距離:2.1827298919652173e-05
4回目の母点
139.731806 35.705080
139.782258 35.694404
139.785129 35.667776
139.785963 35.636472
139.784495 35.645112
139.770322 35.657265
139.770321 35.657254
139.756309 35.657752
139.767188 35.653125
139.747638 35.659687
139.747637 35.659687
139.872925 35.663179
139.835937 35.644791
139.823438 35.632292
139.804033 35.657566
139.775503 35.657475
139.749202 35.639455
139.841583 35.685070
139.767132 35.667311
139.721349 35.645656
139.662651 35.742514
139.763950 35.757104
139.805489 35.711162
4回目の取り込み総メッシュ数: 5286
4回目の取り込み各メッシュ数
368 191 73 54 13 8 9 0 2 76 75 223 26 1 141 21 69 408 75 244 1913 963 333
第1点の移動距離:5.9751312601318736e-05
5回目の母点
139.722123 35.712810
139.782222 35.699202
139.786561 35.670765
139.786059 35.636511
139.791736 35.640205
139.770322 35.657265
139.792190 35.646874
139.792188 35.646877
139.785925 35.655210
139.782813 35.653125
139.770312 35.657292
139.872925 35.663179
139.835937 35.644791
139.756511 35.656679
139.755989 35.656572
139.770311 35.653125
139.760938 35.653125
139.841583 35.685070
139.745375 35.652238
139.736960 35.663714
139.877574 35.677612
139.851560 35.659373
139.799442 35.541890
5回目の取り込み総メッシュ数: 1965
5回目の取り込み各メッシュ数
612 220 80 199 62 0 18 16 9 3 6 0 0 37 28 6 3 0 15 102 413 108 28
第1点の移動距離:0.0002553748543806296
6回目の母点
139.671642 35.728790
139.671642 35.728790
139.791413 35.738298
139.795419 35.674464
139.785936 35.636458
139.785935 35.636458
139.796419 35.641406
139.792188 35.646877
139.796418 35.641405
139.782813 35.653125
139.770312 35.657292
139.774074 35.656059
139.804689 35.648963
139.756511 35.656679
139.792188 35.646875
139.801652 35.657087
139.790657 35.658922
139.782813 35.646354
139.779686 35.657279
139.773400 35.665159
139.872805 35.659750
139.851562 35.642708
139.817617 35.663921
6回目の取り込み総メッシュ数: 8439
6回目の取り込み各メッシュ数
3317 3317 1161 179 28 21 35 0 31 0 0 5 40 0 1 24 25 4 10 37 106 1 97
第1点の移動距離:0.00019990759426630032
7回目の母点
139.656307 35.714651
139.656307 35.714651
139.796407 35.750362
139.798254 35.690569
139.785939 35.636458
139.729571 35.563728
139.729302 35.563378
139.782813 35.636458
139.796418 35.641405
139.800165 35.642760
139.795160 35.642770
139.794289 35.640638
139.785936 35.655208
139.756511 35.656679
139.773467 35.655292
139.773633 35.655431
139.823438 35.632292
139.708152 35.621004
139.707303 35.620643
139.792188 35.642708
139.872805 35.659750
139.792188 35.646875
139.801996 35.658666
7回目の取り込み総メッシュ数: 13214
7回目の取り込み各メッシュ数
3351 3351 2006 227 142 408 387 5 0 11 22 17 5 0 25 12 1 1626 1587 1 0 3 27
第1点の移動距離:3.400033227610115e-05
8回目の母点
139.654005 35.720482
139.654005 35.720482
139.794030 35.756667
139.805138 35.698860
139.785938 35.636458
139.785938 35.642708
139.729733 35.579242
139.710551 35.561391
139.748437 35.615626
139.782813 35.636458
139.798438 35.638542
139.798438 35.638542
139.803728 35.646307
139.795312 35.642708
139.773467 35.655292
139.792556 35.638223
139.785319 35.664455
139.785319 35.664452
139.732642 35.678422
139.776072 35.662251
139.776518 35.665471
139.792188 35.646875
139.817188 35.646875
8回目の取り込み総メッシュ数: 9946
8回目の取り込み各メッシュ数
2889 2889 1912 595 16 1 427 290 3 4 10 5 29 1 0 13 37 35 586 74 61 0 69
第1点の移動距離:1.0873808323498048e-05
9回目の母点
139.648436 35.717185
139.648436 35.717185
139.795357 35.762494
139.829632 35.705150
139.785938 35.636458
139.789062 35.640625
139.784063 35.645000
139.710551 35.561391
139.707586 35.597293
139.700012 35.599238
139.722782 35.622762
139.798438 35.638542
139.803728 35.646307
139.795312 35.642708
139.782813 35.636458
139.779688 35.640625
139.785319 35.664455
139.785319 35.664452
139.801563 35.640625
139.801563 35.640625
139.802831 35.653010
139.761866 35.653004
139.758731 35.653037
9回目の取り込み総メッシュ数: 11600
9回目の取り込み各メッシュ数
2840 2840 1697 1083 9 11 10 0 1563 958 335 0 0 0 4 1 0 0 14 14 39 101 81
第1点の移動距離:6.013619602558598e-06
10回目の母点
139.652669 35.719637
139.652669 35.719637
139.781257 35.758177
139.848534 35.704670
139.785938 35.636458
139.785945 35.636460
139.792187 35.638540
139.789062 35.644792
139.785590 35.645949
139.700012 35.599238
139.776563 35.655203
139.718958 35.572184
139.679167 35.611630
139.668126 35.617163
139.713563 35.633462
139.870442 35.648268
139.795313 35.638536
139.859309 35.650149
139.803188 35.646548
139.794371 35.644213
139.781563 35.568125
139.782813 35.636458
139.777188 35.644792
10回目の取り込み総メッシュ数: 12010
10回目の取り込み各メッシュ数
2839 2839 1630 1397 30 17 15 1 9 0 7 726 878 720 552 82 18 134 84 18 5 4 5
第1点の移動距離:4.6459109311131466e-05
11回目の母点
139.653279 35.726453
139.653279 35.726453
139.771357 35.750570
139.851525 35.718466
139.785938 35.636458
139.788438 35.634375
139.792187 35.638539
139.792188 35.657308
139.792188 35.657308
139.792188 35.657308
139.785938 35.655209
139.785938 35.655209
139.702901 35.597409
139.775556 35.683069
139.713563 35.633462
139.721358 35.568264
139.682310 35.611265
139.644811 35.638231
139.723123 35.644989
139.877702 35.665443
139.857336 35.666244
139.819321 35.668471
139.808095 35.666931
11回目の取り込み総メッシュ数: 11921
11回目の取り込み各メッシュ数
2449 2449 1684 1253 4 5 8 8 8 8 9 2 233 551 0 456 142 794 865 165 203 399 226
第1点の移動距離:4.456794755901302e-05
12回目の母点
139.653696 35.733129
139.653696 35.733129
139.764031 35.752216
139.851935 35.738043
139.785911 35.636461
139.785935 35.636458
139.785935 35.636458
139.785935 35.636458
139.782366 35.643304
139.755089 35.640235
139.785938 35.655209
139.785938 35.655209
139.702901 35.597409
139.792969 35.630078
139.823438 35.632292
139.801653 35.644674
139.792188 35.646875
139.795949 35.659045
139.795949 35.659045
139.795949 35.659045
139.786563 35.647708
139.774921 35.657662
139.808095 35.666931
12回目の取り込み総メッシュ数: 7062
12回目の取り込み各メッシュ数
2088 2088 1445 1102 20 7 14 7 7 6 0 0 0 16 1 39 2 51 51 51 5 62 0
