2024-01-27 14:23:01
初期母点
58.203336 12.937977
90.169875 14.365582
78.236607 82.854863
52.577028 23.577432
35.173844 61.191644
93.695104 98.820939
22.698138 65.981918
59.830902 70.314714
38.238421 27.565094
0.797653 17.785758
cost record in iterations
56795625.697631
50182279.459173
46392716.668036
44216086.469020
42647683.557379
41872233.247612
41490305.655372
41187992.116277
40776859.173582
40172095.292485
39954979.638363
39827680.666484
39754470.333080
39699046.525265
39603224.180541
39313458.267663
38984074.439174
38853446.103573
38756808.753856
38565864.432869
38429050.505506
38329380.795342
38236989.829318
38164540.286430
38111572.001785
局所最適点
45.277871 11.073265
86.574957 17.189408
79.626037 56.736967
57.463726 34.899109
34.941151 63.211971
86.629649 86.945087
11.020240 86.726459
47.407642 88.845901
12.368811 13.160859
13.199707 43.452194
cost record
70437878.724537
38111572.001785
