2024-01-23 04:57:48
初期母点
139.753595 35.694003
139.771319 35.670648
139.751599 35.658068
139.703549 35.693840
139.752210 35.708067
139.790859 35.712736
139.801658 35.710063
139.805017 35.649154
139.734841 35.609226
139.688014 35.621250
139.716051 35.561206
139.656270 35.646096
139.698710 35.664596
139.664468 35.706927
139.636288 35.699493
139.716051 35.732128
139.733480 35.752693
139.781287 35.737529
139.709335 35.774143
139.651657 35.748360
139.804780 35.775664
139.847870 35.743689
139.902072 35.706912
取り込んだ総メッシュ数:10209
第1点の移動距離:9.780245944976652e-07
第2点の移動距離:1.1209329513743368e-07
第3点の移動距離:0.00016620063694291478
1回目の母点
139.747007 35.693014
139.781755 35.670983
139.781737 35.670960
139.703549 35.693840
139.767188 35.653125
139.740611 35.651619
139.704236 35.697894
139.749081 35.714984
139.790064 35.667288
139.817799 35.701332
139.822041 35.663486
139.728524 35.609200
139.698710 35.664596
139.664468 35.706927
139.636288 35.699493
139.687300 35.613961
139.672319 35.609800
139.640142 35.642845
139.680006 35.687325
139.668500 35.705778
139.614105 35.701103
139.710866 35.732099
139.740051 35.755884
1回目の取り込み総メッシュ数: 8171
1回目の取り込み各メッシュ数
148 183 185 1 1 227 242 174 1259 354 471 316 0 18 0 445 1337 696 561 274 736 254 289
第1点の移動距離:3.762228536522068e-06
2回目の母点
139.740879 35.694954
139.783853 35.688691
139.777569 35.667191
139.710740 35.687719
139.768683 35.652723
139.740611 35.651619
139.766376 35.654869
139.735350 35.648908
139.706335 35.705247
139.758736 35.722192
139.836415 35.723582
139.840254 35.729226
139.853127 35.669321
139.664468 35.706927
139.724902 35.586346
139.667513 35.712898
139.647286 35.728171
139.637415 35.708720
139.680006 35.687325
139.694322 35.608588
139.698438 35.540645
139.670069 35.600250
139.633494 35.643595
2回目の取り込み総メッシュ数: 8963
2回目の取り込み各メッシュ数
204 93 47 86 117 9 82 228 113 310 1788 1651 568 1 844 659 683 285 0 292 3 305 595
第1点の移動距離:3.4700722054183896e-05
3回目の母点
139.737526 35.700844
139.795872 35.694866
139.793220 35.661679
139.714008 35.683024
139.780965 35.649115
139.776470 35.654857
139.773784 35.655097
139.757812 35.641773
139.751563 35.623958
139.744360 35.650849
139.836415 35.723582
139.840254 35.729226
139.757965 35.654931
139.724666 35.640259
139.707423 35.733237
139.759026 35.751156
139.822384 35.716419
139.846316 35.756590
139.863690 35.678963
139.660141 35.700233
139.726953 35.583050
139.680069 35.731238
139.645108 35.759208
3回目の取り込み総メッシュ数: 6871
3回目の取り込み各メッシュ数
206 309 199 168 82 33 23 3 1 107 0 0 53 254 382 1022 328 1091 720 86 631 201 972
第1点の移動距離:5.7344161770824504e-05
4回目の母点
139.741572 35.708417
139.795397 35.698513
139.801906 35.663809
139.703002 35.681904
139.790111 35.643148
139.792188 35.647285
139.785933 35.655206
139.778820 35.661323
139.772969 35.663344
139.752416 35.641625
139.742014 35.616627
139.739289 35.654205
139.840568 35.711551
139.859367 35.728353
139.755171 35.659155
139.696314 35.630909
139.710466 35.746973
139.765103 35.760544
139.815957 35.716999
139.843268 35.767522
139.870678 35.682258
139.638141 35.675550
139.708795 35.580023
4回目の取り込み総メッシュ数: 7890
4回目の取り込み各メッシュ数
299 321 246 339 65 15 5 23 49 21 92 99 93 225 86 547 438 828 262 741 693 1367 1036
第1点の移動距離:2.619295236751211e-05
5回目の母点
139.741655 35.713535
139.792284 35.701164
139.811973 35.669967
139.691436 35.691637
139.789110 35.637941
139.789110 35.637941
139.830469 35.633854
139.830469 35.633854
139.800980 35.647584
139.752416 35.641625
139.782221 35.663357
139.780956 35.664582
139.840568 35.711551
139.773937 35.668384
139.749025 35.638888
139.733031 35.611820
139.710466 35.746973
139.765103 35.760544
139.730436 35.653599
139.837465 35.698595
139.870031 35.731344
139.753550 35.659328
139.683638 35.627338
5回目の取り込み総メッシュ数: 3625
5回目の取り込み各メッシュ数
375 262 264 464 53 53 12 2 37 1 65 43 1 84 54 204 111 110 169 198 368 94 601
第1点の移動距離:2.124287679313934e-06
6回目の母点
139.740785 35.714992
139.793320 35.710073
139.814920 35.674631
139.644055 35.704950
139.788168 35.637225
139.788168 35.637225
139.788168 35.637225
139.830469 35.633854
139.800980 35.647584
139.752416 35.641625
139.782221 35.663357
139.788168 35.637225
139.840568 35.711551
139.773937 35.668384
139.749025 35.638888
139.733031 35.611820
139.869111 35.654986
139.765103 35.760544
139.730436 35.653599
139.869111 35.654986
139.801939 35.651114
139.752662 35.644817
139.752662 35.644817
6回目の取り込み総メッシュ数: 3204
6回目の取り込み各メッシュ数
371 345 190 1531 60 60 53 14 1 7 7 39 13 1 0 11 189 0 11 189 70 21 21
第1点の移動距離:9.094560138474313e-05
7回目の母点
139.723111 35.724529
139.794003 35.716343
139.819344 35.679465
139.638723 35.707940
139.788166 35.637225
139.788166 35.637225
139.788166 35.637225
139.788166 35.637225
139.800980 35.647584
139.788166 35.637225
139.782221 35.663357
139.788166 35.637225
139.840568 35.711551
139.788166 35.637225
139.749025 35.638888
139.733031 35.611820
139.869111 35.654986
139.765103 35.760544
139.825500 35.642917
139.800607 35.645434
139.753088 35.640839
139.784878 35.662229
139.788166 35.637225
7回目の取り込み総メッシュ数: 4720
7回目の取り込み各メッシュ数
736 378 237 2597 69 69 69 56 17 38 13 69 17 38 13 1 6 0 59 29 8 133 68
第1点の移動距離:7.317363765369916e-05
8回目の母点
139.710018 35.733083
139.791725 35.719652
139.820709 35.682213
139.634884 35.703790
139.787830 35.637065
139.787830 35.637065
139.787830 35.637065
139.787830 35.637065
139.800980 35.647584
139.787830 35.637065
139.782221 35.663357
139.787830 35.637065
139.840568 35.711551
139.787830 35.637065
139.749025 35.638888
139.733031 35.611820
139.869111 35.654986
139.787830 35.637065
139.825500 35.642917
139.803712 35.654703
139.801821 35.652603
139.787830 35.637065
139.779218 35.670270
8回目の取り込み総メッシュ数: 5459
8回目の取り込み各メッシュ数
1151 472 243 2407 73 73 73 73 23 73 13 73 23 73 13 1 23 36 13 78 126 59 267
第1点の移動距離:7.726537498693072e-05
9回目の母点
139.706078 35.741873
139.791725 35.719652
139.787685 35.747328
139.821099 35.684581
139.632399 35.697975
139.788166 35.637225
139.788166 35.637225
139.788166 35.637225
139.800980 35.647584
139.788166 35.637225
139.788166 35.637225
139.788166 35.637225
139.840568 35.711551
139.788166 35.637225
139.788166 35.637225
139.733031 35.611820
139.869111 35.654986
139.788166 35.637225
139.788166 35.637225
139.803712 35.654703
139.801821 35.652603
139.798250 35.643874
139.779218 35.670270
9回目の取り込み総メッシュ数: 5982
9回目の取り込み各メッシュ数
1536 0 1118 245 2278 76 76 76 1 76 38 76 1 76 38 13 1 76 38 13 1 105 24
第1点の移動距離:3.00819169308188e-06
10回目の母点
139.699542 35.743608
139.783266 35.716277
139.792080 35.767309
139.821196 35.685579
139.631865 35.693827
139.773548 35.639500
139.773548 35.639500
139.773548 35.639500
139.754754 35.642895
139.773548 35.639500
139.773548 35.639500
139.773548 35.639500
139.840568 35.711551
139.773548 35.639500
139.773548 35.639500
139.733031 35.611820
139.787446 35.636989
139.792041 35.645839
139.792041 35.645839
139.754733 35.642887
139.832292 35.634722
139.798939 35.643836
139.779218 35.670270
10回目の取り込み総メッシュ数: 6251
10回目の取り込み各メッシュ数
1479 358 1021 256 2150 83 83 83 16 83 83 83 11 83 83 23 33 52 64 9 4 88 23
第1点の移動距離:4.7440479160502295e-06
11回目の母点
139.694288 35.745786
139.773128 35.720148
139.799664 35.773715
139.799664 35.773715
139.823527 35.684250
139.631450 35.690196
139.773317 35.654596
139.773317 35.654596
139.773317 35.654596
139.773317 35.654596
139.773317 35.654596
139.773317 35.654596
139.840568 35.711551
139.759988 35.655225
139.759988 35.655225
139.754859 35.655466
139.773317 35.654596
139.773317 35.654596
139.773317 35.654596
139.754733 35.642887
139.773317 35.654596
139.773317 35.654596
139.779218 35.670270
11回目の取り込み総メッシュ数: 6749
11回目の取り込み各メッシュ数
1482 532 993 993 319 2083 16 16 12 16 16 16 1 65 63 50 16 15 13 4 15 12 1
第1点の移動距離:5.898908051887089e-06
12回目の母点
139.689438 35.748214
139.689438 35.748214
139.765717 35.724433
139.806915 35.775561
139.806915 35.775561
139.834742 35.677353
139.633384 35.684132
139.788109 35.651093
139.788109 35.651093
139.788109 35.651093
139.788109 35.651093
139.788109 35.651093
139.788109 35.651093
139.759988 35.655225
139.788109 35.651093
139.754859 35.655466
139.788109 35.651093
139.788109 35.651093
139.855881 35.713823
139.862402 35.719859
139.759280 35.659320
139.723882 35.669781
139.722889 35.670075
12回目の取り込み総メッシュ数: 12558
12回目の取り込み各メッシュ数
1431 1431 659 963 963 607 2184 127 127 127 127 127 127 0 127 0 127 127 1191 1064 52 448 422
第1点の移動距離:1.5800621688584257e-05
13回目の母点
139.682453 35.752189
139.682453 35.752189
139.598896 35.774341
139.682482 35.752182
139.764864 35.727192
139.807971 35.775304
139.807971 35.775304
139.681057 35.682637
139.629092 35.683705
139.793757 35.664651
139.793757 35.664651
139.793757 35.664651
139.793757 35.664651
139.793757 35.664651
139.793757 35.664651
139.823438 35.632292
139.793757 35.664651
139.793757 35.664651
139.855881 35.713823
139.823438 35.632292
139.793757 35.664651
139.723882 35.669781
139.823438 35.632292
13回目の取り込み総メッシュ数: 16063
13回目の取り込み各メッシュ数
1340 1340 5 1335 800 907 907 2764 2133 462 462 462 462 462 462 187 462 462 186 1 275 186 1
第1点の移動距離:2.760775470114668e-05
14回目の母点
139.663183 35.757444
139.663183 35.757444
139.605518 35.751345
139.704346 35.752203
139.761099 35.730549
139.810668 35.774939
139.810668 35.774939
139.675888 35.665610
139.625393 35.673251
139.810049 35.664903
139.810049 35.664903
139.810049 35.664903
139.810049 35.664903
139.810049 35.664903
139.810049 35.664903
139.829304 35.630860
139.858115 35.656590
139.810049 35.664903
139.810049 35.664903
139.856214 35.705797
139.744102 35.554770
139.858115 35.656590
139.730590 35.626847
14回目の取り込み総メッシュ数: 13162
14回目の取り込み各メッシュ数
524 524 561 520 840 921 921 818 1182 208 208 208 208 208 208 550 273 208 208 1462 277 273 1852
第1点の移動距離:1.250248999916582e-05
15回目の母点
139.659953 35.753908
139.659953 35.753908
139.603532 35.741261
139.708336 35.747805
139.761478 35.725896
139.815504 35.773094
139.815504 35.773094
139.676161 35.661892
139.623053 35.668499
139.801903 35.676234
139.801903 35.676234
139.801903 35.676234
139.801903 35.676234
139.801903 35.676234
139.801903 35.676234
139.819648 35.642240
139.804688 35.638542
139.865423 35.664986
139.801903 35.676234
139.801903 35.676234
139.744102 35.554770
139.861312 35.715033
139.765917 35.598595
15回目の取り込み総メッシュ数: 14404
15回目の取り込み各メッシュ数
648 648 621 685 896 994 994 966 912 596 596 596 596 596 596 59 16 293 596 597 1 936 966
第1点の移動距離:1.9561004977820268e-06
16回目の母点
139.658821 35.752509
139.658821 35.752509
139.602888 35.736386
139.710232 35.746018
139.761478 35.725896
139.815504 35.773094
139.761027 35.724883
139.813996 35.772933
139.813996 35.772933
139.661605 35.655678
139.622637 35.664022
139.801636 35.683921
139.801636 35.683921
139.801636 35.683921
139.801636 35.683921
139.819648 35.642240
139.801636 35.683921
139.865423 35.664986
139.801636 35.683921
139.801636 35.683921
139.801636 35.683921
139.861312 35.715033
139.802090 35.683288
16回目の取り込み総メッシュ数: 14066
16回目の取り込み各メッシュ数
725 725 630 744 0 0 822 967 967 2140 849 598 598 598 598 0 598 0 598 598 598 0 713
第1点の移動距離:1.9450436375312606e-06
17回目の母点
139.658711 35.751115
139.658711 35.751115
139.603354 35.733678
139.710176 35.742812
139.771226 35.739244
139.838824 35.771148
139.744941 35.705716
139.792789 35.774658
139.792789 35.774658
139.690843 35.624772
139.618974 35.664566
139.790712 35.692032
139.790712 35.692032
139.790712 35.692032
139.790712 35.692032
139.761778 35.608402
139.805089 35.651570
139.865423 35.664986
139.801636 35.683921
139.790712 35.692032
139.868172 35.671057
139.790712 35.692032
139.790712 35.692032
17回目の取り込み総メッシュ数: 12262
17回目の取り込み各メッシュ数
765 765 653 800 370 448 453 525 525 1902 692 443 443 443 443 653 225 0 1 443 384 443 443
第1点の移動距離:7.4444848729945385e-06
18回目の母点
139.659117 35.748386
139.659117 35.748386
139.603480 35.733219
139.707448 35.742638
139.772643 35.738936
139.849927 35.757167
139.733879 35.699889
139.790221 35.780232
139.790221 35.780232
139.691287 35.618978
139.630466 35.664372
139.791041 35.700484
139.791041 35.700484
139.791041 35.700484
139.791041 35.700484
139.733966 35.591399
139.796207 35.656337
139.861248 35.661580
139.816953 35.690828
139.791041 35.700484
139.874513 35.697624
139.791041 35.700484
139.791041 35.700484
18回目の取り込み総メッシュ数: 12334
18回目の取り込み各メッシュ数
805 805 654 728 420 795 605 526 526 1265 936 307 307 307 307 733 299 214 308 307 566 307 307
第1点の移動距離:1.9684576282539435e-07
第2点の移動距離:1.9684576282539435e-07
第3点の移動距離:6.307181436087429e-07
第4点の移動距離:2.8214220176783463e-05
19回目の母点
139.658511 35.748830
139.658511 35.748830
139.603170 35.732425
139.708467 35.747949
139.771273 35.739861
139.850224 35.757811
139.723892 35.694459
139.792052 35.782223
139.792052 35.782223
139.691287 35.618978
139.792052 35.782223
139.689131 35.622131
139.635928 35.663962
139.790346 35.704456
139.790346 35.704456
139.790346 35.704456
139.743930 35.618873
139.724441 35.582938
139.823438 35.632292
139.787229 35.659122
139.864679 35.663983
139.823708 35.694896
139.790346 35.704456
19回目の取り込み総メッシュ数: 12660
19回目の取り込み各メッシュ数
779 779 667 673 437 698 712 556 556 0 556 881 1030 305 305 305 1191 886 1 385 318 335 305
第1点の移動距離:1.1379817527452208e-07
第2点の移動距離:1.1379817527452208e-07
第3点の移動距離:1.118800576526396e-06
20回目の母点
139.658076 35.749167
139.658076 35.749167
139.602971 35.731367
139.708467 35.747949
139.602971 35.731367
139.710722 35.752969
139.768455 35.739164
139.855566 35.752262
139.714213 35.695216
139.792562 35.782507
139.792562 35.782507
139.694893 35.607367
139.792562 35.782507
139.679055 35.633676
139.635976 35.663825
139.790116 35.706226
139.790116 35.706226
139.790116 35.706226
139.723836 35.591058
139.717583 35.572412
139.864679 35.663983
139.811405 35.650944
139.788949 35.662070
20回目の取り込み総メッシュ数: 12133
20回目の取り込み各メッシュ数
768 768 675 0 675 633 451 803 701 539 539 287 539 449 1018 332 332 332 1062 773 0 117 340
第1点の移動距離:9.062712222543821e-07
第2点の移動距離:9.062712222543821e-07
第3点の移動距離:1.1993379147998287e-07
第4点の移動距離:0.0
第5点の移動距離:2.527936649852953e-06
21回目の母点
139.656925 35.750119
139.656925 35.750119
139.603059 35.731021
139.708467 35.747949
139.639639 35.732957
139.706752 35.736509
139.768455 35.739164
139.855566 35.752262
139.603059 35.731021
139.713820 35.768150
139.764963 35.737604
139.856651 35.747394
139.709753 35.693289
139.794733 35.781555
139.794733 35.781555
139.695676 35.607923
139.794733 35.781555
139.677205 35.637225
139.700613 35.682049
139.800935 35.707261
139.800935 35.707261
139.800935 35.707261
139.730527 35.605155
21回目の取り込み総メッシュ数: 12357
21回目の取り込み各メッシュ数
734 734 678 0 914 236 0 0 678 404 444 874 724 580 580 371 580 526 1417 513 513 513 344
第1点の移動距離:0.0001538432366042958
22回目の母点
139.658601 35.762523
139.658601 35.762523
139.599419 35.717552
139.599432 35.717647
139.709165 35.749781
139.641892 35.716531
139.705497 35.728600
139.780155 35.741889
139.848639 35.767160
139.589063 35.644792
139.599432 35.717647
139.712217 35.773393
139.752849 35.729905
139.874003 35.712344
139.719971 35.697578
139.795862 35.781334
139.795862 35.781334
139.693892 35.594495
139.795862 35.781334
139.651905 35.641537
139.687883 35.678641
139.814104 35.687861
139.794854 35.666706
22回目の取り込み総メッシュ数: 14839
22回目の取り込み各メッシュ数
488 488 751 750 137 441 247 212 395 1 750 371 287 776 418 580 580 503 580 944 423 1266 3451
第1点の移動距離:9.499229829198348e-06
23回目の母点
139.655157 35.765605
139.655157 35.765605
139.599419 35.717552
139.655157 35.765605
139.604555 35.700769
139.594203 35.742249
139.709021 35.749966
139.644733 35.712616
139.698254 35.724942
139.788099 35.736648
139.847786 35.762963
139.599082 35.705122
139.594203 35.742249
139.713830 35.774602
139.719971 35.697578
139.750535 35.728332
139.875577 35.699074
139.726878 35.686808
139.792709 35.784174
139.792709 35.784174
139.711249 35.592303
139.792709 35.784174
139.650696 35.640573
23回目の取り込み総メッシュ数: 10444
23回目の取り込み各メッシュ数
530 530 0 530 177 424 179 453 242 389 558 724 424 317 0 347 774 437 496 496 1313 496 608
第1点の移動距離:1.4096665819637435e-06
24回目の母点
139.655139 35.766792
139.655139 35.766792
139.600440 35.722053
139.655139 35.766792
139.609293 35.681392
139.594544 35.748855
139.708587 35.749169
139.650797 35.708290
139.690875 35.719930
139.797889 35.713911
139.849520 35.760115
139.597305 35.703071
139.597305 35.703071
139.594544 35.748855
139.715206 35.774690
139.710553 35.697142
139.750638 35.728515
139.861355 35.690438
139.747853 35.660416
139.791284 35.783991
139.732502 35.638518
139.713620 35.591787
139.650696 35.640573
24回目の取り込み総メッシュ数: 11349
24回目の取り込み各メッシュ数
493 493 136 493 299 365 205 454 284 697 644 28 28 365 314 229 382 1114 794 505 1766 1258 3
第1点の移動距離:2.0107215206659322e-08
第2点の移動距離:2.0107215206659322e-08
第3点の移動距離:8.58164966664117e-06
25回目の母点
139.655244 35.766934
139.655244 35.766934
139.603929 35.724982
139.655244 35.766934
139.611623 35.668995
139.594849 35.751903
139.707595 35.747741
139.652509 35.706143
139.686584 35.720195
139.801569 35.706638
139.852844 35.757672
139.604343 35.702862
139.604343 35.702862
139.594544 35.748855
139.604343 35.702862
139.594849 35.751903
139.716623 35.774177
139.708333 35.692693
139.752171 35.729935
139.863704 35.688274
139.760667 35.696522
139.791608 35.780667
139.721876 35.635109
25回目の取り込み総メッシュ数: 9757
25回目の取り込み各メッシュ数
494 494 208 494 371 322 235 407 242 659 701 86 86 0 86 322 314 397 437 985 1456 579 382
第1点の移動距離:1.3293938187350215e-07
第2点の移動距離:1.3293938187350215e-07
第3点の移動距離:7.591762159337182e-06
26回目の母点
139.655358 35.767298
139.655358 35.767298
139.607437 35.727737
139.655358 35.767298
139.627014 35.648133
139.598215 35.759977
139.707390 35.746279
139.654185 35.699228
139.684215 35.721320
139.805757 35.698966
139.852844 35.757672
139.853745 35.756046
139.609153 35.701319
139.589063 35.682292
139.609153 35.701319
139.594849 35.751903
139.609153 35.701319
139.609231 35.701393
139.587301 35.741801
139.863704 35.688274
139.609153 35.701319
139.609231 35.701393
139.679628 35.769389
26回目の取り込み総メッシュ数: 6554
26回目の取り込み各メッシュ数
491 491 217 491 771 191 245 438 243 669 0 714 160 1 160 0 160 159 125 0 160 159 509
第1点の移動距離:5.904404341073481e-06
27回目の母点
139.648677 35.764868
139.648677 35.764868
139.617699 35.729777
139.648677 35.764868
139.681649 35.610320
139.606437 35.761776
139.707390 35.746279
139.654185 35.699228
139.732663 35.747670
139.683008 35.693320
139.699175 35.701319
139.788103 35.690449
139.609153 35.701319
139.821488 35.775785
139.609153 35.701319
139.863429 35.740713
139.607604 35.693896
139.589063 35.644792
139.598806 35.673275
139.602773 35.715463
139.594748 35.751285
139.607604 35.693896
139.619584 35.703323
27回目の取り込み総メッシュ数: 9507
27回目の取り込み各メッシュ数
353 353 213 353 1757 140 0 0 909 1248 668 1789 0 747 1 364 93 1 111 154 61 93 99
第1点の移動距離:2.635775963453759e-06
28回目の母点
139.657052 35.766492
139.657052 35.766492
139.626609 35.732321
139.657052 35.766492
139.701122 35.603796
139.612102 35.760822
139.699627 35.753323
139.653726 35.695303
139.745927 35.746770
139.679844 35.681361
139.715001 35.695394
139.799099 35.687387
139.605924 35.702945
139.809684 35.773128
139.605924 35.702945
139.867971 35.714153
139.609865 35.688270
139.614041 35.636498
139.615069 35.664272
139.593000 35.719728
139.584700 35.748018
139.609865 35.688270
139.626610 35.701825
28回目の取り込み総メッシュ数: 10264
28回目の取り込み各メッシュ数
495 495 172 495 1755 118 427 373 650 322 486 1398 27 807 27 1132 86 263 211 125 204 86 110
第1点の移動距離:2.822648354768374e-06
29回目の母点
139.659770 35.768172
139.659770 35.768172
139.633725 35.732784
139.659770 35.768172
139.709554 35.598100
139.612102 35.760822
139.699627 35.753323
139.616509 35.761149
139.699950 35.754146
139.657810 35.700661
139.750902 35.743466
139.678450 35.670432
139.722376 35.691321
139.801536 35.688014
139.604516 35.704589
139.813195 35.771414
139.604516 35.704589
139.868781 35.706505
139.607228 35.683762
139.630318 35.631425
139.620873 35.662608
139.590211 35.723668
139.582996 35.749691
29回目の取り込み総メッシュ数: 9958
29回目の取り込み各メッシュ数
421 421 218 421 1506 0 0 163 495 276 631 432 636 1067 73 938 73 1126 107 424 224 124 182
第1点の移動距離:6.558870395923683e-06
30回目の母点
139.662274 35.770733
139.662274 35.770733
139.638091 35.731453
139.662274 35.770733
139.712783 35.593880
139.605588 35.755446
139.696842 35.738048
139.627294 35.764476
139.707789 35.769349
139.662340 35.704318
139.754147 35.742576
139.679259 35.661284
139.725844 35.686419
139.803036 35.688219
139.803036 35.688219
139.813195 35.771414
139.610788 35.705975
139.818008 35.770513
139.610788 35.705975
139.869927 35.702127
139.607383 35.680699
139.640106 35.627242
139.621843 35.660096
30回目の取り込み総メッシュ数: 10738
30回目の取り込み各メッシュ数
388 388 243 388 1335 96 237 103 284 338 651 462 689 967 967 0 132 988 132 1058 159 471 262
第1点の移動距離:7.500775946954407e-07
第2点の移動距離:7.500775946954407e-07
第3点の移動距離:2.117263702590452e-08
第4点の移動距離:7.500775946954407e-07
第5点の移動距離:1.0890151156278433e-05
31回目の母点
139.664957 35.771599
139.664957 35.771599
139.640880 35.731307
139.664957 35.771599
139.714234 35.590580
139.592238 35.749014
139.698455 35.733663
139.632579 35.766986
139.710848 35.770594
139.757137 35.806188
139.665756 35.701918
139.757299 35.740228
139.681209 35.655214
139.729400 35.679914
139.803883 35.688106
139.803883 35.688106
139.795483 35.776308
139.608232 35.710700
139.823438 35.811458
139.841823 35.764016
139.607794 35.710495
139.871027 35.699865
139.606318 35.678393
31回目の取り込み総メッシュ数: 10240
31回目の取り込み各メッシュ数
319 319 227 319 1223 328 328 141 345 10 327 617 466 683 933 933 465 263 1 566 262 996 169
第1点の移動距離:8.688453664603397e-10
第2点の移動距離:8.688453664603397e-10
第3点の移動距離:4.326752772063634e-07
第4点の移動距離:8.688453664603397e-10
第5点の移動距離:3.696036162472738e-06
32回目の母点
139.668548 35.771629
139.668548 35.771629
139.643076 35.730650
139.668548 35.771629
139.713024 35.588657
139.589061 35.746475
139.700910 35.731016
139.633283 35.767085
139.713265 35.769204
139.766481 35.795143
139.766481 35.795143
139.666575 35.698123
139.759067 35.734438
139.671319 35.642067
139.803883 35.688106
139.767188 35.653125
139.730912 35.674205
139.804450 35.687495
139.804450 35.687495
139.795485 35.770563
139.681751 35.738856
139.819636 35.797464
139.846907 35.758516
32回目の取り込み総メッシュ数: 9395
32回目の取り込み各メッシュ数
310 310 252 310 1212 326 360 191 329 153 151 364 522 772 1 1 669 913 913 389 224 93 630
第1点の移動距離:8.064327507867254e-06
33回目の母点
139.670488 35.774468
139.670488 35.774468
139.633205 35.719947
139.670488 35.774468
139.714244 35.586262
139.591621 35.731696
139.708854 35.725301
139.633573 35.766532
139.633573 35.766532
139.715909 35.767666
139.770075 35.790106
139.770075 35.790106
139.759067 35.734438
139.770075 35.790106
139.657906 35.689530
139.713286 35.677670
139.654731 35.638224
139.799556 35.704236
139.769766 35.650303
139.795485 35.770563
139.807813 35.642708
139.725734 35.672931
139.840550 35.677544
33回目の取り込み総メッシュ数: 10093
33回目の取り込み各メッシュ数
284 284 399 284 1100 477 286 220 220 331 233 233 0 233 536 1882 1070 317 364 0 2 532 806
第1点の移動距離:2.8041196835709263e-05
34回目の母点
139.672835 35.769173
139.672835 35.769173
139.633217 35.716089
139.672835 35.769173
139.713639 35.586927
139.591127 35.729724
139.705429 35.724780
139.633126 35.764433
139.633126 35.764433
139.716914 35.765867
139.772245 35.789028
139.772245 35.789028
139.758002 35.731228
139.772245 35.789028
139.657927 35.687768
139.703369 35.675156
139.647918 35.636176
139.803245 35.707640
139.764595 35.651404
139.785254 35.636458
139.825420 35.767870
139.825420 35.767870
139.840550 35.677544
34回目の取り込み総メッシュ数: 9931
34回目の取り込み各メッシュ数
368 368 429 368 1107 452 400 283 283 339 263 263 416 263 456 305 922 543 312 8 897 886 0
第1点の移動距離:4.4519026785610215e-06
35回目の母点
139.673434 35.767063
139.673434 35.767063
139.631798 35.712010
139.673434 35.767063
139.713000 35.587505
139.590944 35.730218
139.703860 35.722835
139.632554 35.762605
139.632554 35.762605
139.718251 35.764961
139.779367 35.784608
139.779367 35.784608
139.757909 35.729154
139.779367 35.784608
139.658405 35.686638
139.705777 35.666382
139.642953 35.636280
139.802644 35.707313
139.755003 35.651237
139.799495 35.654022
139.825420 35.767870
139.823438 35.632292
139.799495 35.654022
35回目の取り込み総メッシュ数: 9336
35回目の取り込み各メッシュ数
393 393 423 393 1085 436 398 325 325 343 393 393 494 393 391 553 858 505 436 203 42 1 160
第1点の移動距離:9.398209713066351e-07
第2点の移動距離:9.398209713066351e-07
第3点の移動距離:1.759893519310779e-05
36回目の母点
139.673785 35.766094
139.673785 35.766094
139.628923 35.707815
139.673785 35.766094
139.712381 35.586215
139.590496 35.733146
139.590536 35.734568
139.703051 35.720258
139.632565 35.761437
139.632565 35.761437
139.720016 35.764062
139.782162 35.783478
139.782162 35.783478
139.757564 35.728062
139.782162 35.783478
139.661875 35.686297
139.703872 35.657368
139.639684 35.636674
139.805597 35.691696
139.746035 35.646390
139.825420 35.767870
139.843959 35.742049
139.848555 35.754779
36回目の取り込み総メッシュ数: 12440
36回目の取り込み各メッシュ数
413 413 451 413 1073 409 399 428 337 337 358 438 438 487 438 377 531 812 1248 402 0 1216 1022
第1点の移動距離:1.823593373511448e-06
37回目の母点
139.673910 35.764743
139.673910 35.764743
139.624791 35.702997
139.673910 35.764743
139.711695 35.583888
139.591111 35.721832
139.589327 35.750267
139.703444 35.717804
139.634563 35.758939
139.634563 35.758939
139.596998 35.774138
139.634692 35.758887
139.720567 35.763187
139.783438 35.782702
139.783438 35.782702
139.760412 35.726838
139.783438 35.782702
139.664945 35.686859
139.699791 35.649502
139.749153 35.662141
139.820737 35.683570
139.745126 35.644567
139.789101 35.637941
37回目の取り込み総メッシュ数: 11696
37回目の取り込み各メッシュ数
430 430 483 430 1060 150 242 440 340 340 6 334 377 452 452 540 452 376 496 2298 1073 455 40
第1点の移動距離:2.037801841003152e-07
第2点の移動距離:2.037801841003152e-07
第3点の移動距離:0.0004057138300253054
38回目の母点
139.674418 35.764292
139.674418 35.764292
139.619385 35.682854
139.674418 35.764292
139.709607 35.582398
139.593409 35.720035
139.589063 35.680208
139.589063 35.682292
139.593476 35.720558
139.588527 35.749104
139.704851 35.716094
139.628115 35.764327
139.628115 35.764327
139.596878 35.767022
139.644069 35.749253
139.720843 35.762032
139.813936 35.774726
139.813936 35.774726
139.767643 35.725346
139.813936 35.774726
139.658738 35.675985
139.683818 35.636460
139.824719 35.688286
38回目の取り込み総メッシュ数: 12233
38回目の取り込み各メッシュ数
433 433 693 433 1042 198 1 1 195 186 442 157 157 69 185 402 1041 1041 583 1041 595 682 2223
第1点の移動距離:9.529629960205638e-06
39回目の母点
139.676691 35.767379
139.676691 35.767379
139.622390 35.673361
139.676691 35.767379
139.716274 35.583650
139.593409 35.720035
139.589063 35.680208
139.589063 35.682292
139.599818 35.712067
139.598191 35.653633
139.596979 35.691638
139.599896 35.727073
139.586268 35.747268
139.706674 35.710508
139.631286 35.767839
139.631286 35.767839
139.596961 35.764121
139.647122 35.735755
139.724722 35.762097
139.824609 35.769287
139.824609 35.769287
139.770073 35.722428
139.824609 35.769287
39回目の取り込み総メッシュ数: 9326
39回目の取り込み各メッシュ数
405 405 429 405 1055 1 0 0 94 172 35 133 167 618 182 182 91 308 493 1120 1120 791 1120
第1点の移動距離:7.146130154111769e-07
第2点の移動距離:7.146130154111769e-07
第3点の移動距離:0.00012339092718827518
40回目の母点
139.679153 35.768224
139.679153 35.768224
139.647179 35.662253
139.679153 35.768224
139.710713 35.598873
139.785254 35.636458
139.582708 35.722793
139.595744 35.673514
139.594512 35.683389
139.612532 35.708850
139.616640 35.635493
139.603655 35.692716
139.609426 35.731428
139.581601 35.746559
139.704588 35.695436
139.635400 35.768418
139.635400 35.768418
139.599001 35.761384
139.651489 35.725416
139.730143 35.762203
139.846087 35.740234
139.820588 35.718717
139.796221 35.698154
40回目の取り込み総メッシュ数: 13655
40回目の取り込み各メッシュ数
415 415 661 415 1543 22 68 36 5 98 353 71 118 136 947 212 212 117 385 566 1801 3430 1629
第1点の移動距離:3.7035505710702245e-06
41回目の母点
139.682611 35.766300
139.682611 35.766300
139.658181 35.658587
139.682611 35.766300
139.710625 35.595745
139.779092 35.652017
139.582708 35.722793
139.582726 35.724396
139.594512 35.683389
139.603500 35.666522
139.595401 35.684845
139.620226 35.706744
139.626825 35.629882
139.610161 35.690986
139.614451 35.734162
139.579797 35.748461
139.708461 35.694558
139.638931 35.768079
139.638931 35.768079
139.600133 35.760190
139.657031 35.721165
139.744119 35.758527
139.855606 35.745050
41回目の取り込み総メッシュ数: 8985
41回目の取り込み各メッシュ数
443 443 536 443 1292 597 96 91 0 118 26 148 406 100 150 114 825 240 240 130 374 891 1282
第1点の移動距離:4.9464413490898284e-06
42回目の母点
139.688566 35.764076
139.688566 35.764076
139.666777 35.656380
139.688566 35.764076
139.712052 35.592982
139.795787 35.672187
139.587681 35.717379
139.582926 35.729286
139.592774 35.676223
139.608289 35.660560
139.596857 35.691027
139.626220 35.705979
139.634324 35.626634
139.615223 35.689677
139.618740 35.735125
139.579418 35.749953
139.713324 35.696113
139.642470 35.768801
139.642470 35.768801
139.601325 35.759645
139.662109 35.718396
139.759791 35.752866
139.850291 35.727609
42回目の取り込み総メッシュ数: 10411
42回目の取り込み各メッシュ数
486 486 522 486 1294 1096 50 65 24 189 33 162 410 118 167 112 756 278 278 132 369 1119 1779
第1点の移動距離:3.300894911229572e-06
43回目の母点
139.696404 35.762259
139.696404 35.762259
139.673262 35.655094
139.696404 35.762259
139.714154 35.592326
139.802387 35.677904
139.587681 35.717379
139.595056 35.717007
139.581429 35.730316
139.595793 35.673369
139.612333 35.654679
139.599360 35.696278
139.631514 35.705372
139.641128 35.623845
139.621837 35.685114
139.622856 35.735432
139.579086 35.752328
139.719359 35.694460
139.646712 35.769822
139.646712 35.769822
139.603117 35.758716
139.666836 35.716669
139.770120 35.755274
43回目の取り込み総メッシュ数: 8966
43回目の取り込み各メッシュ数
544 544 534 544 1273 1038 0 69 83 49 234 54 172 405 128 179 103 759 312 312 135 364 1131
第1点の移動距離:2.506886907488889e-06
44回目の母点
139.703360 35.760675
139.703360 35.760675
139.678594 35.653963
139.703360 35.760675
139.715544 35.591347
139.802387 35.677904
139.834986 35.692437
139.584934 35.718780
139.601777 35.718929
139.580197 35.730949
139.598558 35.671511
139.614769 35.648842
139.602865 35.697732
139.636394 35.704858
139.648206 35.621441
139.628523 35.679915
139.627804 35.736511
139.579644 35.754033
139.726197 35.694665
139.651198 35.770714
139.651198 35.770714
139.605083 35.757402
139.671979 35.715459
44回目の取り込み総メッシュ数: 9038
44回目の取り込み各メッシュ数
570 570 520 570 1227 0 1973 21 77 83 77 270 74 169 391 161 187 104 782 346 346 143 377
第1点の移動距離:2.0649647684040086e-05
45回目の母点
139.730751 35.765220
139.730751 35.765220
139.683994 35.652392
139.730751 35.765220
139.716350 35.589595
139.802387 35.677904
139.792968 35.690477
139.848150 35.723544
139.585921 35.719960
139.606197 35.720567
139.579777 35.732283
139.600829 35.670061
139.616128 35.644271
139.605289 35.697717
139.640217 35.704923
139.654106 35.619673
139.636081 35.675451
139.633184 35.737571
139.580341 35.755519
139.737159 35.701290
139.655219 35.771674
139.643643 35.767939
139.607344 35.756227
45回目の取り込み総メッシュ数: 11449
45回目の取り込み各メッシュ数
1074 1074 519 1074 1169 0 806 2050 37 100 77 105 282 94 175 389 199 192 110 871 378 526 148
第1点の移動距離:2.0939775336964893e-06
46回目の母点
139.742087 35.763773
139.742087 35.763773
139.691782 35.654160
139.742087 35.763773
139.717388 35.588460
139.815232 35.668777
139.791000 35.709750
139.852918 35.730044
139.587821 35.720751
139.609889 35.721436
139.579269 35.733324
139.602962 35.669044
139.602962 35.669044
139.617095 35.641091
139.607844 35.696782
139.658931 35.707594
139.658397 35.618504
139.644010 35.671850
139.642953 35.736018
139.581579 35.757234
139.730565 35.704867
139.673074 35.766518
139.638604 35.769500
46回目の取り込み総メッシュ数: 11221
46回目の取り込み各メッシュ数
1037 1037 603 1037 1122 664 478 1677 53 111 78 130 130 286 118 354 394 234 213 114 797 419 135
第1点の移動距離:8.817102903070398e-06
47回目の母点
139.753947 35.766742
139.753947 35.766742
139.702596 35.649906
139.753947 35.766742
139.717681 35.586282
139.815232 35.668777
139.825068 35.669983
139.792231 35.718454
139.857256 35.736342
139.589948 35.721003
139.614680 35.725722
139.579506 35.733316
139.604435 35.667854
139.604528 35.667993
139.589063 35.644792
139.604528 35.667993
139.618993 35.638709
139.612575 35.696973
139.668901 35.707118
139.663028 35.617896
139.648782 35.669932
139.644805 35.735641
139.589279 35.757378
47回目の取り込み総メッシュ数: 9816
47回目の取り込み各メッシュ数
879 879 593 879 1071 0 830 637 1384 71 163 84 154 153 1 153 290 156 360 412 277 210 180
第1点の移動距離:1.2707607165545746e-05
48回目の母点
139.747789 35.763177
139.747789 35.763177
139.714942 35.652592
139.747789 35.763177
139.717650 35.582713
139.796388 35.668301
139.796388 35.668301
139.850728 35.676418
139.786900 35.720002
139.823438 35.811458
139.820312 35.801042
139.860580 35.738903
139.592365 35.720037
139.617309 35.728443
139.588341 35.702470
139.600905 35.663606
139.611705 35.672583
139.595884 35.640456
139.668901 35.707118
139.611705 35.672583
139.624540 35.637023
139.616828 35.697635
139.685525 35.712155
48回目の取り込み総メッシュ数: 10356
48回目の取り込み各メッシュ数
1131 1131 817 1131 983 427 426 551 793 1 1 1195 79 167 162 72 89 69 0 89 248 197 597
第1点の移動距離:6.234923691666824e-06
49回目の母点
139.734064 35.760680
139.734064 35.760680
139.711933 35.646677
139.734064 35.760680
139.712640 35.583711
139.804868 35.660111
139.804868 35.660111
139.850728 35.676418
139.790982 35.678087
139.818764 35.703686
139.786283 35.721513
139.820757 35.810030
139.592365 35.720037
139.864691 35.794420
139.796940 35.752320
139.863198 35.738748
139.584729 35.737517
139.632176 35.752921
139.668901 35.707118
139.589063 35.682292
139.597163 35.698759
139.600063 35.664056
139.623373 35.671594
49回目の取り込み総メッシュ数: 11044
49回目の取り込み各メッシュ数
880 880 871 880 1074 251 250 0 300 1406 700 5 0 10 1527 798 273 647 0 1 40 84 167
第1点の移動距離:4.8184964483151986e-05
50回目の母点
139.722994 35.753739
139.722994 35.753739
139.708404 35.645039
139.722994 35.753739
139.709482 35.583361
139.805637 35.653093
139.805061 35.667077
139.850728 35.676418
139.864877 35.677338
139.784160 35.677770
139.821192 35.704430
139.772885 35.719419
139.804745 35.795055
139.601264 35.722299
139.854878 35.777648
139.798228 35.761344
139.867840 35.733717
139.585303 35.747671
139.601562 35.773958
139.646106 35.759377
139.676252 35.707847
139.608224 35.698429
139.610721 35.702030
50回目の取り込み総メッシュ数: 10227
50回目の取り込み各メッシュ数
883 883 954 883 1111 195 82 0 575 364 285 392 241 137 201 476 610 260 1 661 731 169 133
第1点の移動距離:1.4917146786602396e-07
第2点の移動距離:1.4917146786602396e-07
第3点の移動距離:2.0480104474259336e-05
51回目の母点
139.718926 35.753352
139.718926 35.753352
139.696800 35.640513
139.722994 35.753739
139.718926 35.753352
139.708481 35.583632
139.800051 35.650924
139.810334 35.673684
139.843665 35.678501
139.878369 35.678104
139.778962 35.675422
139.820480 35.706964
139.765641 35.720193
139.794881 35.793554
139.605367 35.726644
139.849827 35.771854
139.796863 35.759493
139.870177 35.730244
139.584011 35.745738
139.606476 35.764656
139.654655 35.761818
139.677673 35.702233
139.615850 35.660266
51回目の取り込み総メッシュ数: 10427
51回目の取り込み各メッシュ数
726 726 1030 0 726 1135 193 125 216 372 367 336 474 319 203 338 423 475 197 106 598 711 631
第1点の移動距離:6.220035941793829e-07
第2点の移動距離:6.220035941793829e-07
第3点の移動距離:1.1194665291818508e-05
52回目の母点
139.705431 35.752564
139.705431 35.752564
139.695403 35.637167
139.734559 35.754724
139.705431 35.752564
139.713047 35.582064
139.797315 35.651186
139.799181 35.652102
139.843665 35.678501
139.751563 35.628980
139.809941 35.677829
139.843289 35.680921
139.880591 35.678930
139.769933 35.670132
139.817732 35.711355
139.760334 35.719768
139.789699 35.791832
139.615132 35.717535
139.847351 35.768801
139.835115 35.742331
139.871482 35.729063
139.580857 35.743373
139.613377 35.761557
52回目の取り込み総メッシュ数: 8458
52回目の取り込み各メッシュ数
370 370 858 309 370 1058 188 184 0 2 164 276 358 424 330 477 350 385 413 794 418 189 171
第1点の移動距離:6.082135976616317e-05
53回目の母点
139.691151 35.744765
139.691151 35.744765
139.675074 35.643082
139.736426 35.755032
139.691151 35.744765
139.712607 35.577767
139.791087 35.650026
139.803893 35.655753
139.803891 35.655755
139.770535 35.641156
139.738861 35.630298
139.843289 35.680921
139.880591 35.678930
139.807220 35.681504
139.839732 35.690968
139.881634 35.679756
139.765508 35.673040
139.811723 35.714230
139.756206 35.718969
139.789965 35.783675
139.627295 35.694490
139.848086 35.772942
139.826980 35.745745
53回目の取り込み総メッシュ数: 10222
53回目の取り込み各メッシュ数
868 868 1277 359 868 920 94 108 101 449 252 15 0 194 134 342 365 292 540 488 1039 377 272
第1点の移動距離:7.136727796095571e-06
54回目の母点
139.678413 35.747436
139.678413 35.747436
139.668377 35.642309
139.732539 35.756473
139.678413 35.747436
139.711776 35.577065
139.786993 35.656145
139.809180 35.653391
139.800959 35.661018
139.764382 35.650984
139.782813 35.636458
139.843289 35.680921
139.773405 35.655557
139.754194 35.647475
139.839732 35.690968
139.728347 35.630084
139.845903 35.672577
139.871810 35.666749
139.804277 35.684172
139.843300 35.701663
139.889620 35.705133
139.757092 35.677407
139.805124 35.716998
54回目の取り込み総メッシュ数: 8155
54回目の取り込み各メッシュ数
1101 1101 1043 435 1101 914 95 116 38 48 6 3 14 24 0 413 203 181 180 211 311 351 266
第1点の移動距離:6.30606302159995e-05
55回目の母点
139.650095 35.739495
139.650095 35.739495
139.648788 35.653572
139.742442 35.756779
139.650095 35.739495
139.711861 35.575819
139.786993 35.656145
139.809180 35.653391
139.785349 35.664304
139.805127 35.659267
139.801298 35.663669
139.843289 35.680921
139.767188 35.653125
139.758906 35.659136
139.839732 35.690968
139.789101 35.637941
139.837153 35.679453
139.837153 35.679453
139.775271 35.661015
139.751563 35.623958
139.744974 35.647637
139.832458 35.691311
139.720841 35.627171
55回目の取り込み総メッシュ数: 10053
55回目の取り込み各メッシュ数
1816 1816 1566 974 1816 862 0 0 51 182 56 1 1 45 31 41 72 64 48 1 112 69 429
第1点の移動距離:1.816726148349677e-06
56回目の母点
139.644757 35.738147
139.644757 35.738147
139.644433 35.656282
139.751567 35.753835
139.644757 35.738147
139.710423 35.575197
139.788029 35.656557
139.807246 35.649685
139.783291 35.691218
139.807947 35.660946
139.802050 35.678260
139.875903 35.676113
139.768941 35.654123
139.738793 35.691155
139.863502 35.736786
139.791405 35.640289
139.791252 35.638997
139.792188 35.646875
139.831269 35.675500
139.780895 35.648527
139.773410 35.669461
139.743247 35.613594
139.720841 35.627171
56回目の取り込み総メッシュ数: 11613
56回目の取り込み各メッシュ数
1686 1686 1355 1610 1686 848 24 112 178 34 95 445 16 274 824 60 46 10 90 312 79 98 45
第1点の移動距離:6.430237892493666e-06
57回目の母点
139.642820 35.740683
139.642820 35.740683
139.642773 35.657080
139.752110 35.759914
139.642820 35.740683
139.708952 35.574729
139.786818 35.661191
139.804861 35.649509
139.789780 35.711383
139.808803 35.663504
139.806941 35.689938
139.878026 35.679520
139.755927 35.652954
139.721636 35.701500
139.851000 35.749674
139.796781 35.641939
139.791252 35.638997
139.787526 35.636811
139.796209 35.650210
139.833048 35.689434
139.773410 35.669461
139.778584 35.654404
139.778584 35.654404
57回目の取り込み総メッシュ数: 11560
57回目の取り込み各メッシュ数
1632 1632 1297 1269 1632 759 35 78 343 61 143 465 109 658 1040 10 1 36 13 322 0 17 8
第1点の移動距離:2.7390153453308494e-06
58回目の母点
139.638939 35.742338
139.638939 35.742338
139.644649 35.654548
139.748288 35.764893
139.638939 35.742338
139.709835 35.586333
139.788294 35.664952
139.805245 35.650178
139.805245 35.650178
139.788528 35.722336
139.806941 35.689938
139.810575 35.667713
139.856870 35.686352
139.878199 35.683532
139.731253 35.640311
139.711363 35.708045
139.775934 35.731452
139.846645 35.756032
139.799103 35.642868
139.833048 35.689434
139.792353 35.638177
139.778584 35.654404
139.785254 35.636458
58回目の取り込み総メッシュ数: 14116
58回目の取り込み各メッシュ数
1537 1537 1339 1011 1537 1094 48 72 72 431 0 133 676 539 441 795 1747 970 17 0 17 45 58
第1点の移動距離:1.2339896464296646e-07
第2点の移動距離:1.2339896464296646e-07
第3点の移動距離:0.0
第4点の移動距離:0.0004929931282698481
59回目の母点
139.634615 35.742689
139.634615 35.742689
139.644649 35.654548
139.634615 35.742689
139.678464 35.698043
139.740120 35.770126
139.788294 35.664952
139.634615 35.742689
139.709052 35.583515
139.784640 35.673095
139.803834 35.652600
139.803834 35.652600
139.796073 35.722642
139.804042 35.694918
139.844289 35.681745
139.858950 35.687434
139.884350 35.687908
139.722097 35.638262
139.724064 35.718899
139.705162 35.712271
139.818779 35.752066
139.844753 35.761149
139.830541 35.690691
59回目の取り込み総メッシュ数: 16475
59回目の取り込み各メッシュ数
1433 1433 0 1433 2072 819 0 1433 1020 152 92 92 280 163 387 265 426 585 1157 806 1258 907 262
第1点の移動距離:2.6594041952888666e-06
60回目の母点
139.628806 35.744320
139.628806 35.744320
139.636600 35.650256
139.628806 35.744320
139.671250 35.696436
139.733282 35.770803
139.784878 35.661742
139.634615 35.742689
139.784878 35.661742
139.628806 35.744320
139.709622 35.581017
139.778295 35.680370
139.804634 35.655084
139.804634 35.655084
139.786979 35.726582
139.803252 35.694821
139.845511 35.673230
139.863100 35.689807
139.887299 35.694699
139.718599 35.636579
139.733265 35.721180
139.698941 35.722218
139.808385 35.766344
60回目の取り込み総メッシュ数: 12505
60回目の取り込み各メッシュ数
1271 1271 1092 1271 439 764 99 8 91 1271 1034 260 213 213 362 157 189 231 391 665 408 334 471
第1点の移動距離:1.6820745851675768e-05
61回目の母点
139.604447 35.740219
139.604447 35.740219
139.633586 35.648387
139.604447 35.740219
139.667541 35.692665
139.723808 35.770882
139.778136 35.659621
139.777812 35.660676
139.652621 35.747904
139.785254 35.636458
139.777812 35.660676
139.604447 35.740219
139.719339 35.594230
139.775066 35.686377
139.832292 35.634722
139.805655 35.658363
139.832292 35.634722
139.805655 35.658363
139.797473 35.715682
139.827245 35.687155
139.848136 35.671544
139.859723 35.701340
139.808385 35.766344
61回目の取り込み総メッシュ数: 9689
61回目の取り込み各メッシュ数
693 693 995 693 498 627 149 141 507 8 141 693 1268 274 5 195 5 195 640 600 322 346 1
第1点の移動距離:6.477243075631743e-05
62回目の母点
139.601300 35.732171
139.601300 35.732171
139.635154 35.645548
139.601300 35.732171
139.677548 35.691940
139.722290 35.756235
139.758822 35.649494
139.777812 35.660676
139.778197 35.656836
139.680653 35.730400
139.753695 35.661367
139.658383 35.754283
139.750120 35.632145
139.775066 35.686377
139.757067 35.659476
139.792188 35.647285
139.684030 35.638676
139.601300 35.732171
139.711770 35.595364
139.755470 35.699195
139.848136 35.671544
139.825500 35.642917
139.825500 35.642917
62回目の取り込み総メッシュ数: 11750
62回目の取り込み各メッシュ数
655 655 973 655 893 832 88 0 34 976 197 699 26 29 258 15 2175 655 1323 499 1 64 48
第1点の移動距離:1.4967068142521693e-05
63回目の母点
139.604011 35.728302
139.604011 35.728302
139.627530 35.648632
139.604011 35.728302
139.673452 35.691457
139.748678 35.766289
139.752471 35.648109
139.767188 35.653125
139.777571 35.663644
139.784065 35.667653
139.753695 35.661367
139.777391 35.655923
139.694609 35.714204
139.732872 35.661274
139.656103 35.762948
139.783420 35.691357
139.684030 35.638676
139.800468 35.714124
139.758916 35.659804
139.807813 35.642708
139.848136 35.671544
139.654811 35.683281
139.672158 35.640615
63回目の取り込み総メッシュ数: 11177
63回目の取り込み各メッシュ数
730 730 787 730 522 1161 29 1 100 72 1 25 528 202 596 770 37 536 27 1 0 1379 2213
第1点の移動距離:2.2722211734055603e-06
64回目の母点
139.603525 35.729809
139.603525 35.729809
139.589063 35.682292
139.611193 35.692601
139.620266 35.648427
139.589063 35.682292
139.603540 35.729858
139.674456 35.693703
139.756148 35.765681
139.737870 35.601463
139.769995 35.655913
139.787148 35.669493
139.794280 35.670036
139.749204 35.669966
139.785254 35.636458
139.792188 35.648958
139.778185 35.656726
139.703988 35.721654
139.725889 35.664939
139.696261 35.744550
139.776824 35.699212
139.701413 35.598844
139.821334 35.740469
64回目の取り込み総メッシュ数: 10364
64回目の取り込み各メッシュ数
700 700 1 1296 597 1 699 247 1004 477 12 230 105 91 7 16 22 522 338 1010 299 831 1159
第1点の移動距離:5.1477084867012034e-05
65回目の母点
139.595490 35.722635
139.595490 35.722635
139.596392 35.675123
139.621730 35.695717
139.632355 35.641862
139.596392 35.675123
139.616124 35.751239
139.668898 35.689820
139.761665 35.766287
139.733235 35.589521
139.758078 35.647898
139.782878 35.673690
139.834282 35.675564
139.742082 35.678397
139.787830 35.637065
139.872478 35.647548
139.872478 35.647548
139.802155 35.650728
139.779648 35.659381
139.714227 35.718158
139.716271 35.657274
139.684512 35.760395
139.777244 35.711416
65回目の取り込み総メッシュ数: 7053
65回目の取り込み各メッシュ数
177 177 81 285 640 81 568 552 742 622 82 64 519 197 42 67 61 137 27 340 415 776 401
第1点の移動距離:3.634949149261848e-05
66回目の母点
139.590306 35.728664
139.590306 35.728664
139.601412 35.668737
139.627949 35.699659
139.643512 35.634003
139.601412 35.668737
139.623963 35.754446
139.669270 35.691362
139.787982 35.771658
139.714439 35.584048
139.746509 35.641977
139.782878 35.673690
139.767188 35.653125
139.792021 35.681391
139.836324 35.709617
139.739211 35.683527
139.789101 35.637941
139.881998 35.677796
139.881998 35.677796
139.714227 35.718158
139.881998 35.677796
139.684512 35.760395
139.832292 35.634722
66回目の取り込み総メッシュ数: 8647
66回目の取り込み各メッシュ数
281 281 194 300 719 194 488 479 1144 1054 155 1 1 183 1307 286 54 387 752 4 374 4 5
第1点の移動距離:3.17813247695261e-05
67回目の母点
139.588974 35.734301
139.588974 35.734301
139.606437 35.663013
139.630396 35.703176
139.653635 35.632828
139.606437 35.663013
139.630594 35.755988
139.672223 35.688869
139.793907 35.767555
139.711530 35.584241
139.727711 35.636460
139.782530 35.670281
139.769393 35.658024
139.796914 35.693831
139.843665 35.724608
139.736544 35.692801
139.799526 35.648721
139.799526 35.648721
139.879652 35.685751
139.879652 35.685751
139.721094 35.726048
139.879652 35.685751
139.688887 35.763609
67回目の取り込み総メッシュ数: 10792
67回目の取り込み各メッシュ数
334 334 319 341 690 319 452 518 1118 1025 380 132 82 366 922 413 126 107 528 528 517 528 713
第1点の移動距離:1.6868244388544786e-05
68回目の母点
139.589370 35.738408
139.589370 35.738408
139.610462 35.659149
139.631216 35.705570
139.658151 35.631490
139.610462 35.659149
139.637130 35.756365
139.674093 35.690621
139.794491 35.769226
139.712201 35.579433
139.721530 35.633681
139.785088 35.671769
139.763348 35.656082
139.796914 35.693831
139.763348 35.656082
139.736544 35.692801
139.828515 35.720166
139.815997 35.724407
139.734998 35.697611
139.879652 35.685751
139.807273 35.657795
139.879652 35.685751
139.807273 35.657795
68回目の取り込み総メッシュ数: 9833
68回目の取り込み各メッシュ数
372 372 420 378 626 420 453 503 958 959 489 136 144 3 141 0 1283 1224 392 0 280 0 280
第1点の移動距離:3.5513216374999995e-06
69回目の母点
139.590285 35.740293
139.590285 35.740293
139.613086 35.657338
139.630287 35.706509
139.660778 35.630231
139.613086 35.657338
139.662992 35.762635
139.662992 35.762635
139.677600 35.698157
139.787229 35.772396
139.712993 35.576607
139.718237 35.630395
139.784271 35.669658
139.784229 35.671063
139.756288 35.651115
139.736544 35.692801
139.754875 35.651830
139.795970 35.698770
139.785254 35.636458
139.879652 35.685751
139.743698 35.666528
139.731576 35.682468
139.834000 35.730967
69回目の取り込み総メッシュ数: 10018
69回目の取り込み各メッシュ数
403 403 470 398 604 470 867 867 593 1089 902 491 154 144 193 6 178 289 9 6 405 227 850
第1点の移動距離:6.683110791442186e-06
70回目の母点
139.594323 35.742878
139.594323 35.742878
139.614913 35.656264
139.629439 35.708547
139.662406 35.630402
139.614913 35.656264
139.675723 35.763136
139.675723 35.763136
139.679272 35.700249
139.780544 35.770421
139.713472 35.574850
139.716159 35.626326
139.794209 35.662956
139.789910 35.677943
139.756853 35.642158
139.734871 35.720379
139.745758 35.648089
139.800005 35.703120
139.800268 35.646618
139.800268 35.646618
139.743698 35.666528
139.874349 35.687718
139.735612 35.660014
70回目の取り込み総メッシュ数: 10139
70回目の取り込み各メッシュ数
465 465 499 450 611 499 905 905 559 964 840 435 165 118 59 475 67 462 179 150 5 734 128
第1点の移動距離:4.775606778015773e-06
71回目の母点
139.597650 35.745063
139.597650 35.745063
139.616334 35.655674
139.629852 35.710484
139.662949 35.630565
139.616334 35.655674
139.677823 35.764647
139.677823 35.764647
139.678805 35.698430
139.798644 35.771244
139.713708 35.573364
139.713080 35.622702
139.801943 35.665781
139.789387 35.681531
139.752945 35.633228
139.734871 35.720379
139.745758 35.648089
139.733807 35.727082
139.803482 35.707460
139.809060 35.713034
139.743698 35.666528
139.804142 35.649997
139.735612 35.660014
71回目の取り込み総メッシュ数: 10139
71回目の取り込み各メッシュ数
502 502 522 478 596 522 817 817 541 1132 836 388 144 180 81 0 0 596 673 600 0 212 0
第1点の移動距離:1.5927336993850514e-06
72回目の母点
139.599351 35.746325
139.599351 35.746325
139.616921 35.655833
139.630003 35.711535
139.662966 35.630566
139.616921 35.655833
139.678345 35.764938
139.678345 35.764938
139.678157 35.697347
139.812247 35.772898
139.713720 35.571975
139.710035 35.620740
139.827180 35.671805
139.784501 35.683218
139.745033 35.619750
139.734871 35.720379
139.745758 35.648089
139.733807 35.727082
139.803482 35.707460
139.809060 35.713034
139.736917 35.710180
139.735924 35.732113
139.734333 35.744940
72回目の取り込み総メッシュ数: 9460
72回目の取り込み各メッシュ数
520 520 538 477 576 538 781 781 541 1105 807 368 293 216 104 1 0 1 0 4 281 549 459
第1点の移動距離:3.7504741867385263e-07
第2点の移動距離:3.7504741867385263e-07
第3点の移動距離:6.528308397177597e-08
第4点の移動距離:5.351518295252438e-07
第5点の移動距離:2.5335889901709196e-08
第6点の移動距離:6.528308397177597e-08
第7点の移動距離:6.927230408772484e-08
第8点の移動距離:6.927230408772484e-08
第9点の移動距離:7.9079085542307e-07
第10点の移動距離:3.6761694409083545e-06
73回目の母点
139.599972 35.746938
139.599972 35.746938
139.617209 35.656088
139.630142 35.712267
139.662683 35.630407
139.617209 35.656088
139.675107 35.764675
139.675107 35.764675
139.678165 35.696457
139.822409 35.770981
139.713832 35.570546
139.706295 35.621542
139.855985 35.680642
139.786282 35.677061
139.770648 35.655993
139.739232 35.612261
139.745758 35.648089
139.733807 35.727082
139.803482 35.707460
139.731864 35.718664
139.785270 35.636467
139.735924 35.732113
139.730752 35.676877
73回目の取り込み総メッシュ数: 9874
73回目の取り込み各メッシュ数
524 524 547 478 558 547 704 704 564 1100 742 367 971 340 505 145 40 0 12 75 10 5 412
第1点の移動距離:5.722396372748634e-08
第2点の移動距離:5.722396372748634e-08
第3点の移動距離:1.3773934652191563e-07
第4点の移動距離:5.440980735514515e-09
第5点の移動距離:5.3589412340246316e-09
第6点の移動距離:1.3773934652191563e-07
第7点の移動距離:2.0159299496789517e-08
第8点の移動距離:2.0159299496789517e-08
第9点の移動距離:1.939976951670614e-08
第10点の移動距離:1.7691481886092465e-06
74回目の母点
139.599330 35.746699
139.599330 35.746699
139.617166 35.656460
139.630127 35.712341
139.661300 35.630333
139.617166 35.656460
139.676474 35.764817
139.676474 35.764817
139.676916 35.696597
139.823307 35.769651
139.713411 35.569247
139.702692 35.622109
139.866941 35.692271
139.793534 35.677359
139.774845 35.659590
139.734450 35.608379
139.745758 35.648089
139.739552 35.646223
139.723935 35.729771
139.804131 35.714187
139.729735 35.711494
139.830469 35.633854
139.830469 35.633854
74回目の取り込み総メッシュ数: 10008
74回目の取り込み各メッシュ数
514 514 549 473 536 549 751 751 509 1139 689 351 991 299 99 239 44 172 79 513 242 3 2
第1点の移動距離:2.200999597077407e-08
第2点の移動距離:2.200999597077407e-08
第3点の移動距離:2.888263148837192e-07
第4点の移動距離:2.844078938488991e-07
第5点の移動距離:4.0103772518305227e-10
第6点の移動距離:2.888263148837192e-07
第7点の移動距離:1.4063225412258663e-06
75回目の母点
139.599356 35.746847
139.599356 35.746847
139.616934 35.656997
139.630069 35.712874
139.659447 35.630313
139.616934 35.656997
139.675734 35.766003
139.675734 35.766003
139.676256 35.695330
139.820690 35.771923
139.713195 35.568253
139.699461 35.622491
139.870008 35.697150
139.801611 35.679135
139.781814 35.658293
139.731753 35.606094
139.745758 35.648089
139.748592 35.649090
139.728684 35.726219
139.729295 35.746342
139.729735 35.711494
139.775527 35.714862
139.734904 35.706421
75回目の取り込み総メッシュ数: 11743
75回目の取り込み各メッシュ数
514 514 543 472 516 543 722 722 527 1089 664 351 866 318 214 264 43 128 814 594 0 938 387
第1点の移動距離:5.000416881228219e-09
第2点の移動距離:5.000416881228219e-09
第3点の移動距離:4.1598272904152923e-07
第4点の移動距離:3.596513174808199e-07
第5点の移動距離:7.65674396326441e-08
第6点の移動距離:4.1598272904152923e-07
第7点の移動距離:3.955367819074004e-07
第8点の移動距離:3.955367819074004e-07
第9点の移動距離:5.00482004490503e-08
第10点の移動距離:3.3223060349269264e-06
76回目の母点
139.599105 35.746776
139.599105 35.746776
139.616426 35.657642
139.630141 35.713474
139.657547 35.630590
139.616426 35.657642
139.672784 35.765374
139.672784 35.765374
139.676059 35.695106
139.821247 35.770100
139.713086 35.567509
139.697847 35.623652
139.869794 35.698480
139.812401 35.686743
139.787162 35.658333
139.751945 35.625686
139.730103 35.605439
139.748592 35.649090
139.731733 35.649926
139.752041 35.652357
139.722983 35.728327
139.732081 35.758579
139.716503 35.706501
76回目の取り込み総メッシュ数: 10665
76回目の取り込み各メッシュ数
510 510 536 467 491 536 671 671 543 1052 652 389 992 490 245 490 246 40 227 111 164 523 109
第1点の移動距離:3.583511183393771e-07
第2点の移動距離:3.583511183393771e-07
第3点の移動距離:5.815012482747576e-07
第4点の移動距離:6.375194916144829e-08
第5点の移動距離:1.2590495745514565e-07
第6点の移動距離:5.815012482747576e-07
第7点の移動距離:5.2396991073892755e-08
第8点の移動距離:5.2396991073892755e-08
第9点の移動距離:1.3119836570996378e-06
77回目の母点
139.598189 35.746178
139.598189 35.746178
139.615803 35.658405
139.630213 35.713726
139.656040 35.630945
139.615803 35.658405
139.670310 35.765145
139.670310 35.765145
139.673605 35.693961
139.820378 35.766770
139.712920 35.567182
139.695078 35.622787
139.873139 35.698686
139.809550 35.698565
139.809550 35.698564
139.781209 35.656153
139.781208 35.656154
139.745035 35.623516
139.731733 35.649926
139.752041 35.652357
139.722983 35.728327
139.732081 35.758579
139.716503 35.706501
77回目の取り込み総メッシュ数: 9972
77回目の取り込み各メッシュ数
500 500 527 458 485 527 652 652 465 1070 652 351 921 673 680 401 394 62 2 0 0 0 0
第1点の移動距離:5.501402071719701e-07
第2点の移動距離:5.501402071719701e-07
第3点の移動距離:2.4663428702856975e-07
第4点の移動距離:2.1295370136943822e-08
第5点の移動距離:3.8872800947961837e-07
第6点の移動距離:2.4663428702856975e-07
第7点の移動距離:1.361153856184494e-07
第8点の移動距離:1.361153856184494e-07
第9点の移動距離:1.1209799734320211e-06
78回目の母点
139.597118 35.745436
139.597118 35.745436
139.615233 35.658901
139.630077 35.713872
139.654522 35.631568
139.615233 35.658901
139.668857 35.764776
139.668857 35.764776
139.672750 35.692902
139.821259 35.767815
139.714982 35.569945
139.695453 35.619851
139.873004 35.697834
139.798432 35.714529
139.818495 35.685121
139.799154 35.656886
139.778078 35.668677
139.735290 35.613633
139.731733 35.649926
139.752041 35.652357
139.723979 35.652164
139.750348 35.654433
139.729323 35.729178
78回目の取り込み総メッシュ数: 9880
78回目の取り込み各メッシュ数
489 489 517 443 467 517 657 657 464 1039 741 403 923 407 295 245 133 212 12 0 258 182 330
第1点の移動距離:1.3715451527301934e-07
第2点の移動距離:1.3715451527301934e-07
第3点の移動距離:2.3478914461040126e-07
第4点の移動距離:7.935575382559329e-08
第5点の移動距離:4.4236802956839384e-07
第6点の移動距離:2.3478914461040126e-07
第7点の移動距離:8.97793126397954e-08
第8点の移動距離:8.97793126397954e-08
第9点の移動距離:1.7199732748929337e-06
79回目の母点
139.596482 35.745066
139.596482 35.745066
139.614645 35.659386
139.629935 35.714154
139.653923 35.632234
139.614645 35.659386
139.672371 35.765076
139.672371 35.765076
139.675263 35.694213
139.819960 35.771759
139.714719 35.568370
139.692979 35.617211
139.874675 35.698415
139.793325 35.721876
139.823891 35.687712
139.801015 35.656437
139.801015 35.656437
139.779535 35.674709
139.779535 35.674709
139.731934 35.618698
139.723979 35.652164
139.734017 35.647337
139.729323 35.729178
79回目の取り込み総メッシュ数: 10124
79回目の取り込み各メッシュ数
479 479 504 437 471 504 747 747 536 1083 709 361 844 482 372 239 239 240 240 319 10 80 2
第1点の移動距離:1.9495798522327655e-07
第2点の移動距離:1.9495798522327655e-07
第3点の移動距離:1.760579681404462e-07
第4点の移動距離:2.0163452572457582e-07
第5点の移動距離:1.18310753876155e-06
80回目の母点
139.596753 35.745507
139.596753 35.745507
139.614537 35.659805
139.630528 35.714603
139.653472 35.633321
139.614537 35.659805
139.674107 35.765228
139.674107 35.765228
139.676642 35.694882
139.820080 35.773105
139.715702 35.568031
139.691339 35.615253
139.875818 35.699675
139.790449 35.726759
139.826823 35.690463
139.802111 35.657665
139.802111 35.657665
139.779535 35.674709
139.802111 35.657665
139.779806 35.678483
139.779806 35.678483
139.729921 35.611762
139.715507 35.660750
80回目の取り込み総メッシュ数: 10796
80回目の取り込み各メッシュ数
483 483 503 453 467 503 751 751 534 1024 714 372 811 501 426 267 267 2 265 333 333 240 313
第1点の移動距離:8.941064793814263e-08
第2点の移動距離:8.941064793814263e-08
第3点の移動距離:1.8897042194767398e-07
第4点の移動距離:2.4449668959790267e-07
第5点の移動距離:1.5505694158401033e-06
81回目の母点
139.597287 35.745806
139.597287 35.745806
139.614140 35.660240
139.631093 35.715097
139.653212 35.634566
139.614140 35.660240
139.687861 35.761948
139.687861 35.761948
139.682962 35.700510
139.820502 35.773982
139.715849 35.566859
139.690026 35.612914
139.876617 35.700635
139.773020 35.733477
139.828565 35.692469
139.802664 35.658914
139.802664 35.658914
139.779535 35.674709
139.790433 35.660763
139.774428 35.663183
139.779806 35.678483
139.788060 35.678073
139.775736 35.694240
81回目の取り込み総メッシュ数: 11589
81回目の取り込み各メッシュ数
489 489 502 456 466 502 977 977 612 988 684 370 787 796 456 291 291 5 457 171 5 552 266
第1点の移動距離:7.4074094832458295e-06
82回目の母点
139.600903 35.748528
139.600903 35.748528
139.614094 35.660853
139.633128 35.716192
139.654331 35.637407
139.614094 35.660853
139.690578 35.762188
139.690578 35.762188
139.690578 35.762188
139.820502 35.773982
139.689143 35.698627
139.822799 35.772914
139.719778 35.572700
139.782978 35.656886
139.877180 35.700800
139.791258 35.721859
139.829101 35.696390
139.829101 35.696390
139.806613 35.659253
139.806613 35.659253
139.779806 35.678483
139.788060 35.678073
139.806613 35.659253
82回目の取り込み総メッシュ数: 13353
82回目の取り込み各メッシュ数
528 528 505 502 499 505 891 891 891 0 752 958 771 1428 768 1227 511 502 232 232 0 9 223
第1点の移動距離:1.5883522397910913e-06
83回目の母点
139.603229 35.749788
139.603229 35.749788
139.613660 35.661494
139.635832 35.716215
139.667274 35.633637
139.613660 35.661494
139.697133 35.760944
139.697133 35.760944
139.697133 35.760944
139.751563 35.807292
139.697133 35.760944
139.751563 35.807292
139.792893 35.782820
139.730442 35.660508
139.845791 35.764762
139.715748 35.586116
139.752874 35.648554
139.789100 35.637941
139.806613 35.659253
139.877445 35.699501
139.777536 35.729763
139.831240 35.696292
139.831240 35.696292
83回目の取り込み総メッシュ数: 14425
83回目の取り込み各メッシュ数
555 555 515 528 803 515 972 972 972 2 970 2 515 2415 504 1070 282 31 0 751 662 417 417
第1点の移動距離:6.577109595457824e-07
第2点の移動距離:6.577109595457824e-07
第3点の移動距離:1.648868697888605e-06
84回目の母点
139.605849 35.750599
139.605849 35.750599
139.616272 35.660210
139.647760 35.712042
139.668412 35.637466
139.616272 35.660210
139.714043 35.763321
139.714043 35.763321
139.714043 35.763321
139.752610 35.785025
139.685293 35.746993
139.752610 35.785025
139.794893 35.780196
139.717741 35.672637
139.848281 35.761342
139.714509 35.583122
139.749654 35.640571
139.786238 35.650630
139.806613 35.659253
139.793947 35.641261
139.780334 35.657806
139.799726 35.670638
139.878323 35.694697
84回目の取り込み総メッシュ数: 10217
84回目の取り込み各メッシュ数
604 604 594 700 762 594 396 396 396 179 579 179 434 662 630 992 274 110 0 68 22 387 655
第1点の移動距離:1.0455680468574675e-05
85回目の母点
139.607088 35.747366
139.607088 35.747366
139.615910 35.660666
139.650609 35.707906
139.668881 35.634921
139.615910 35.660666
139.722338 35.753152
139.722338 35.753152
139.722338 35.753152
139.757911 35.765392
139.679931 35.749432
139.757911 35.765392
139.794291 35.763470
139.717461 35.686896
139.847416 35.754790
139.713351 35.581622
139.736605 35.634241
139.790618 35.655716
139.790618 35.655716
139.816262 35.662712
139.780334 35.657806
139.823438 35.632292
139.807813 35.642708
85回目の取り込み総メッシュ数: 10386
85回目の取り込み各メッシュ数
671 671 624 565 703 624 523 523 523 341 605 341 590 689 746 982 297 25 25 313 2 1 2
第1点の移動距離:5.583705035360352e-06
86回目の母点
139.606988 35.745003
139.606988 35.745003
139.615922 35.660475
139.653012 35.704271
139.669043 35.633515
139.615922 35.660475
139.721988 35.750766
139.721988 35.750766
139.721988 35.750766
139.760580 35.755978
139.675857 35.756428
139.760580 35.755978
139.796821 35.756407
139.717226 35.695402
139.859824 35.738706
139.712857 35.578086
139.729097 35.632214
139.794791 35.662580
139.794791 35.662580
139.785898 35.636848
139.830818 35.682379
139.834713 35.684347
139.807813 35.642708
86回目の取り込み総メッシュ数: 12154
86回目の取り込み各メッシュ数
687 687 619 532 700 619 454 454 454 452 644 452 648 656 1126 897 410 91 91 12 771 697 1
第1点の移動距離:9.084691546670616e-06
87回目の母点
139.605438 35.741988
139.605438 35.741988
139.615973 35.660297
139.655534 35.702486
139.668837 35.632453
139.615973 35.660297
139.720252 35.751442
139.720252 35.751442
139.720252 35.751442
139.761328 35.751843
139.672397 35.761283
139.761328 35.751843
139.802166 35.758361
139.717629 35.699227
139.866327 35.738459
139.713013 35.575830
139.726695 35.631588
139.788952 35.678514
139.788952 35.678514
139.777943 35.647768
139.789832 35.640157
139.792188 35.647285
139.767560 35.654416
87回目の取り込み総メッシュ数: 11419
87回目の取り込み各メッシュ数
673 673 618 544 685 618 429 429 429 507 652 507 740 655 912 857 495 396 396 107 51 15 31
第1点の移動距離:7.112310020587021e-06
88回目の母点
139.604494 35.739322
139.604494 35.739322
139.615989 35.660225
139.658054 35.701582
139.667846 35.631877
139.615989 35.660225
139.717813 35.753070
139.717813 35.753070
139.717813 35.753070
139.762896 35.747791
139.668774 35.763520
139.762896 35.747791
139.807608 35.762518
139.717429 35.701556
139.867409 35.720319
139.713265 35.575013
139.722771 35.629164
139.805424 35.690213
139.805424 35.690213
139.780218 35.658033
139.780220 35.658031
139.780218 35.658033
139.767560 35.654416
88回目の取り込み総メッシュ数: 11936
88回目の取り込み各メッシュ数
666 666 613 557 666 613 433 433 433 531 638 531 767 583 1167 859 476 614 614 24 30 18 4
第1点の移動距離:4.518872311478095e-06
89回目の母点
139.603937 35.737196
139.603937 35.737196
139.616093 35.660242
139.659874 35.700874
139.667075 35.631626
139.616093 35.660242
139.715773 35.754745
139.715773 35.754745
139.715773 35.754745
139.764068 35.744190
139.665229 35.764452
139.764068 35.744190
139.814186 35.769886
139.718024 35.702819
139.870825 35.710023
139.713287 35.574064
139.721155 35.627542
139.811186 35.693970
139.811186 35.693970
139.778803 35.669240
139.797505 35.654855
139.797503 35.654855
139.778803 35.669240
89回目の取り込み総メッシュ数: 12685
89回目の取り込み各メッシュ数
663 663 608 561 655 608 459 459 459 563 616 563 836 582 1065 847 491 720 720 84 193 186 84
第1点の移動距離:1.8135709506106836e-06
90回目の母点
139.603673 35.735849
139.603673 35.735849
139.616093 35.660242
139.603673 35.735849
139.616186 35.660288
139.661452 35.700004
139.644273 35.644077
139.667606 35.710425
139.714246 35.755902
139.751563 35.807292
139.714246 35.755902
139.751563 35.807292
139.714246 35.755902
139.751563 35.807292
139.766256 35.742220
139.662699 35.764482
139.773815 35.742974
139.819956 35.772052
139.718380 35.703649
139.872587 35.703381
139.717463 35.599561
139.722042 35.628287
139.778803 35.669240
90回目の取り込み総メッシュ数: 14550
90回目の取り込み各メッシュ数
658 658 0 658 604 564 1252 1088 486 2 484 2 484 2 599 603 2057 888 570 967 1380 544 0
第1点の移動距離:4.2185663582252825e-07
第2点の移動距離:4.2185663583175826e-07
第3点の移動距離:0.0011937104656191153
91回目の母点
139.603363 35.735200
139.603363 35.735200
139.589063 35.694792
139.603482 35.712280
139.603755 35.655164
139.589063 35.694792
139.603373 35.735227
139.622088 35.675712
139.659484 35.690388
139.660653 35.667062
139.671538 35.719030
139.719822 35.769359
139.714246 35.755902
139.725191 35.758912
139.707724 35.745355
139.662699 35.764482
139.769495 35.793295
139.707724 35.745355
139.718380 35.703649
139.769495 35.793295
139.755501 35.735894
139.764065 35.758982
139.790219 35.734593
91回目の取り込み総メッシュ数: 8854
91回目の取り込み各メッシュ数
657 657 1 941 285 1 656 191 354 888 272 270 0 412 204 0 208 204 0 208 288 1770 387
第1点の移動距離:1.798040929920361e-05
92回目の母点
139.591603 35.730959
139.591603 35.730959
139.593502 35.693143
139.571471 35.721322
139.612033 35.710972
139.612007 35.647997
139.596990 35.688682
139.571471 35.721322
139.606381 35.750280
139.624707 35.676279
139.661635 35.693717
139.693967 35.610803
139.669646 35.721342
139.713172 35.778408
139.707278 35.759156
139.732586 35.755490
139.674495 35.758967
139.659231 35.768397
139.740809 35.713422
139.705160 35.740648
139.704507 35.740425
139.730343 35.673382
139.790219 35.734593
92回目の取り込み総メッシュ数: 8397
92回目の取り込み各メッシュ数
132 132 70 7 182 447 63 7 354 211 220 1708 298 192 64 96 698 515 1560 188 183 941 129
第1点の移動距離:2.787914530216441e-05
93回目の母点
139.587499 35.736239
139.587499 35.736239
139.596830 35.700244
139.574527 35.729340
139.565316 35.758951
139.620668 35.713226
139.623658 35.638557
139.590019 35.699289
139.574527 35.729340
139.565316 35.758951
139.661635 35.693717
139.610478 35.752725
139.632415 35.671570
139.694800 35.620585
139.704035 35.599173
139.669074 35.721714
139.710356 35.780677
139.766284 35.810274
139.704774 35.760191
139.745410 35.760962
139.677433 35.760057
139.704832 35.738414
139.743180 35.713682
93回目の取り込み総メッシュ数: 7473
93回目の取り込み各メッシュ数
147 147 28 55 2 206 452 145 55 2 0 299 239 1941 1535 278 178 36 90 384 160 713 381
第1点の移動距離:1.0913860199950463e-06
94回目の母点
139.590784 35.737284
139.590784 35.737284
139.602545 35.695665
139.575856 35.728080
139.577431 35.759857
139.626142 35.715419
139.628270 35.634804
139.591340 35.679803
139.587543 35.714536
139.575856 35.728080
139.577431 35.759857
139.670459 35.686275
139.621938 35.758068
139.634476 35.668325
139.708533 35.605702
139.715983 35.582849
139.710356 35.780677
139.766284 35.810274
139.669150 35.722518
139.708793 35.781032
139.829898 35.773850
139.705824 35.760244
139.779909 35.752109
94回目の取り込み総メッシュ数: 7352
94回目の取り込み各メッシュ数
118 118 123 59 71 223 484 44 6 59 71 397 312 292 1771 1039 18 0 267 174 911 108 687
第1点の移動距離:2.9553547352207227e-06
95回目の母点
139.596359 35.739003
139.596359 35.739003
139.607647 35.695818
139.575559 35.729830
139.582374 35.759513
139.630662 35.715484
139.637622 35.630380
139.599144 35.667055
139.593955 35.716994
139.575559 35.729830
139.582374 35.759513
139.687980 35.681290
139.635261 35.763351
139.635277 35.763346
139.698565 35.633595
139.717605 35.625782
139.830469 35.633854
139.797775 35.644643
139.717049 35.570419
139.708793 35.781032
139.829898 35.773850
139.726746 35.775374
139.777424 35.795348
95回目の取り込み総メッシュ数: 6484
95回目の取り込み各メッシュ数
118 118 115 56 119 238 521 120 56 56 119 708 391 390 1179 997 2 85 766 0 0 122 208
第1点の移動距離:1.002072388759599e-05
96回目の母点
139.603077 35.742169
139.603077 35.742169
139.614620 35.691926
139.576319 35.731081
139.584834 35.759771
139.644058 35.715865
139.642759 35.633625
139.607475 35.660602
139.598047 35.717108
139.576319 35.731081
139.584834 35.759771
139.694738 35.695083
139.627973 35.767124
139.656007 35.761215
139.688902 35.629572
139.727903 35.626363
139.865188 35.679048
139.865188 35.679048
139.796806 35.681777
139.713750 35.571900
139.693215 35.765226
139.838497 35.744481
139.738452 35.743764
96回目の取り込み総メッシュ数: 9723
96回目の取り込み各メッシュ数
142 142 183 71 136 389 565 254 85 71 136 907 131 345 367 472 671 671 796 810 390 1402 587
第1点の移動距離:5.158383909445088e-08
第2点の移動距離:5.158383909445088e-08
第3点の移動距離:1.989444174005056e-06
97回目の母点
139.608817 35.741942
139.608817 35.741942
139.619530 35.690515
139.577773 35.731469
139.584638 35.759415
139.649498 35.713734
139.645642 35.635744
139.609591 35.656176
139.602261 35.716096
139.577773 35.731469
139.584638 35.759415
139.695822 35.695760
139.631037 35.766633
139.659911 35.762024
139.686433 35.627770
139.730098 35.629594
139.868789 35.685649
139.868789 35.685649
139.797657 35.686133
139.797657 35.686133
139.713700 35.571925
139.696470 35.763026
139.833908 35.754547
97回目の取り込み総メッシュ数: 10259
97回目の取り込み各メッシュ数
148 148 238 88 135 357 488 307 122 88 135 659 178 304 452 500 781 781 906 905 804 447 1288
第1点の移動距離:1.2208898361758424e-07
第2点の移動距離:1.2208898361758424e-07
第3点の移動距離:5.285017148471235e-06
98回目の母点
139.613854 35.741592
139.613854 35.741592
139.622905 35.688216
139.579392 35.731306
139.585245 35.758892
139.653343 35.712633
139.647754 35.637058
139.609487 35.653288
139.604633 35.713587
139.579392 35.731306
139.585245 35.758892
139.704741 35.699988
139.633432 35.766921
139.662935 35.764186
139.686611 35.625518
139.730681 35.631747
139.868789 35.685649
139.868789 35.685649
139.767188 35.653125
139.767188 35.653125
139.870577 35.690553
139.870577 35.690553
139.830469 35.633854
98回目の取り込み総メッシュ数: 6277
98回目の取り込み各メッシュ数
165 165 257 104 142 352 454 322 142 104 142 747 189 309 454 522 4 0 2 1 849 849 2
第1点の移動距離:1.5893543203273387e-06
99回目の母点
139.617944 35.740331
139.617944 35.740331
139.626400 35.685603
139.580679 35.731159
139.586421 35.758627
139.658300 35.710039
139.650087 35.638710
139.609107 35.651417
139.606376 35.710461
139.579392 35.731306
139.606376 35.710461
139.580679 35.731159
139.586421 35.758627
139.730105 35.725304
139.635158 35.767770
139.694918 35.768990
139.692500 35.603634
139.728863 35.605743
139.849401 35.678134
139.849401 35.678134
139.784268 35.688915
139.784268 35.688915
139.845903 35.742094
99回目の取り込み総メッシュ数: 12205
99回目の取り込み各メッシュ数
184 184 263 118 152 384 453 325 163 0 163 118 152 1333 192 847 764 818 406 406 785 785 3210
第1点の移動距離:2.429755688390302e-06
100回目の母点
139.622141 35.738773
139.622141 35.738773
139.629591 35.683532
139.587652 35.728968
139.587760 35.758149
139.668373 35.706767
139.658537 35.641176
139.608945 35.650501
139.607883 35.707641
139.573961 35.732901
139.607883 35.707641
139.587652 35.728968
139.587760 35.758149
139.737109 35.728750
139.645467 35.768562
139.701947 35.768116
139.692996 35.598895
139.728730 35.603484
139.859275 35.683028
139.859275 35.683028
139.789432 35.690896
139.789432 35.690896
139.789432 35.690896
100回目の取り込み総メッシュ数: 11142
100回目の取り込み各メッシュ数
204 204 256 78 163 567 578 331 184 53 184 78 163 1018 329 658 614 958 869 869 928 928 928
第1点の移動距離:1.3331887768460063e-06
101回目の母点or最適点
139.628049 35.737618
139.628049 35.737618
139.634288 35.682829
139.591110 35.728448
139.589961 35.758399
139.675768 35.705191
139.664959 35.641058
139.610790 35.648582
139.609695 35.704753
139.574331 35.734214
139.609695 35.704753
139.591110 35.728448
139.589961 35.758399
139.753142 35.740275
139.652466 35.768454
139.707580 35.767291
139.693766 35.591519
139.729196 35.605566
139.859275 35.683028
139.861740 35.713413
139.861740 35.713413
139.799359 35.704692
139.799359 35.704692
101回目の取り込み総メッシュ数: 12718
101回目の取り込み各メッシュ数
246 246 270 103 175 603 611 366 193 61 193 103 175 1192 393 606 557 945 0 1555 1555 1285 1285

cost record
0.038292
0.035452
0.227674
0.013167
0.060191
0.048615
0.016888
0.007463
0.006856
0.008352
0.007605
0.033000
0.057331
0.033866
0.026517
0.046891
0.028911
0.018493
0.102009
0.014002
0.218419
0.024015
0.317997
0.046080
0.076794
0.015129
0.108315
0.015622
0.011773
0.011633
0.012236
0.029515
0.066247
0.011853
0.011061
0.023870
0.072959
0.026396
0.012973
0.019761
0.011860
0.013552
0.010295
0.011303
0.017931
0.015731
0.062887
0.016876
0.084010
0.014281
0.013950
0.097917
0.022673
0.011136
0.063539
0.025420
0.014570
0.079026
0.092640
0.015923
0.027507
0.098363
0.050804
0.101052
0.070692
0.029059
0.014480
0.029758
0.022116
0.012933
0.018617
0.019571
0.036191
0.011528
0.020854
0.023471
0.009927
0.011934
0.010331
0.019956
0.013213
0.113769
0.085505
0.015639
0.015000
0.015463
0.013758
0.014349
0.014036
0.072291
0.050821
0.027760
0.034380
0.016686
0.033499
0.018391
0.010288
0.011119
0.024758
0.012780
0.019029
0.037846
